# step, loss_train, loss_test, metrics_test
0.000000000000000000e+00 6.121532991528511047e-02 1.351712793111801147e-01 2.942797839641571045e-01 6.063222885131835938e-02 1.351712793111801147e-01 2.942797839641571045e-01
1.000000000000000000e+03 8.323792717419564724e-04 1.522740203654393554e-04 2.509906480554491282e-04 5.280785262584686279e-04 1.522740203654393554e-04 2.509906480554491282e-04
2.000000000000000000e+03 1.935349719133228064e-04 2.375608346483204514e-05 1.272452391276601702e-05 1.076613698387518525e-04 2.375608346483204514e-05 1.272452391276601702e-05
3.000000000000000000e+03 1.063073796103708446e-04 1.025677738653030246e-05 4.071385319548426196e-06 7.638558599865064025e-05 1.025677738653030246e-05 4.071385319548426196e-06
4.000000000000000000e+03 5.777490514446981251e-05 3.697702368299360387e-06 1.001147552415204700e-06 3.641661896836012602e-05 3.697702368299360387e-06 1.001147552415204700e-06
5.000000000000000000e+03 1.701081637293100357e-04 1.554823938931804150e-05 7.859222387196496129e-05 1.321815652772784233e-04 1.554823938931804150e-05 7.859222387196496129e-05
6.000000000000000000e+03 4.859638647758401930e-05 2.277889871038496494e-05 1.259109103557420895e-05 3.077485962421633303e-05 2.277889871038496494e-05 1.259109103557420895e-05
7.000000000000000000e+03 2.724049045355059206e-05 1.056227006301924121e-06 1.641835609689223929e-07 1.800227801140863448e-05 1.056227006301924121e-06 1.641835609689223929e-07
8.000000000000000000e+03 2.882422631955705583e-05 6.307709554675966501e-06 2.609324155855574645e-06 1.967031857930123806e-05 6.307709554675966501e-06 2.609324155855574645e-06
9.000000000000000000e+03 1.987815630855038762e-05 7.619932489433267619e-07 1.216507001799982390e-07 1.314803103014128283e-05 7.619932489433267619e-07 1.216507001799982390e-07
1.000000000000000000e+04 2.859818050637841225e-05 1.373303234686318319e-06 4.327827355155022815e-06 2.256072548334486783e-05 1.373303234686318319e-06 4.327827355155022815e-06
1.100000000000000000e+04 3.445253605605103076e-05 3.628020522228325717e-06 1.418269584974041209e-05 2.873375342460349202e-05 3.628020522228325717e-06 1.418269584974041209e-05
1.200000000000000000e+04 2.297020910191349685e-05 1.781541868695057929e-06 4.653076302929548547e-06 1.621512274141423404e-05 1.781541868695057929e-06 4.653076302929548547e-06
1.300000000000000000e+04 1.266779599973233417e-05 6.396334697456040885e-07 3.901419063367939088e-07 8.670949682709760964e-06 6.396334697456040885e-07 3.901419063367939088e-07
1.400000000000000000e+04 1.252517449756851420e-05 6.396167009370401502e-07 2.217840631146827945e-07 8.141547368722967803e-06 6.396167009370401502e-07 2.217840631146827945e-07
1.500000000000000000e+04 7.420227484544739127e-05 8.095364137261640280e-06 3.631435174611397088e-05 6.009494609315879643e-05 8.095364137261640280e-06 3.631435174611397088e-05
1.600000000000000000e+04 1.149519357568351552e-05 3.351522309458232485e-06 3.239955503886449151e-06 7.759271284157875925e-06 3.351522309458232485e-06 3.239955503886449151e-06
1.700000000000000000e+04 1.584263009135611355e-05 1.020636659632145893e-06 1.869109269136970397e-06 1.120145680033601820e-05 1.020636659632145893e-06 1.869109269136970397e-06
1.800000000000000000e+04 9.567004781274590641e-06 5.701525083168235142e-07 2.401826861841982463e-07 6.480563115474069491e-06 5.701525083168235142e-07 2.401826861841982463e-07
1.900000000000000000e+04 9.194419544655829668e-05 1.194799115182831883e-04 2.431159227853640914e-04 8.836565393721684813e-05 1.194799115182831883e-04 2.431159227853640914e-04
2.000000000000000000e+04 8.070789590419735759e-06 1.074976580639486201e-06 7.952548344292154070e-07 5.744661393691785634e-06 1.074976580639486201e-06 7.952548344292154070e-07
2.100000000000000000e+04 8.089340553851798177e-06 5.908520961384056136e-07 1.928614210555679165e-07 5.576065632340032607e-06 5.908520961384056136e-07 1.928614210555679165e-07
2.200000000000000000e+04 7.744103641016408801e-06 6.066938453841430601e-07 2.222360393488997943e-07 5.674940894095925614e-06 6.066938453841430601e-07 2.222360393488997943e-07
2.300000000000000000e+04 7.928980267024599016e-06 5.989277269691228867e-06 6.889738415338797495e-06 5.625321591651299968e-06 5.989277269691228867e-06 6.889738415338797495e-06
2.400000000000000000e+04 6.760084488632855937e-06 6.010968718328513205e-07 2.036492361412456376e-07 4.752186669065849856e-06 6.010968718328513205e-07 2.036492361412456376e-07
2.500000000000000000e+04 6.754460628144443035e-06 8.048224344747723080e-07 1.787120282870091614e-07 4.879846983385505155e-06 8.048224344747723080e-07 1.787120282870091614e-07
2.600000000000000000e+04 4.175199865130707622e-05 2.058759673673193902e-05 9.291098649555351585e-06 2.851874160114675760e-05 2.058759673673193902e-05 9.291098649555351585e-06
2.700000000000000000e+04 6.137256150395842269e-06 6.862086934233957436e-07 4.840407541450986173e-07 4.416317551658721641e-06 6.862086934233957436e-07 4.840407541450986173e-07
2.800000000000000000e+04 5.199481620365986601e-06 5.659575776917336043e-07 1.839284777815919369e-07 3.927342731913086027e-06 5.659575776917336043e-07 1.839284777815919369e-07
2.900000000000000000e+04 5.132268142915563658e-06 5.349585876501805615e-07 1.533648941176579683e-07 3.777927531700697728e-06 5.349585876501805615e-07 1.533648941176579683e-07
3.000000000000000000e+04 9.122381015913560987e-06 4.956400971423136070e-06 3.455049636613694020e-06 6.225513516255887225e-06 4.956400971423136070e-06 3.455049636613694020e-06
3.100000000000000000e+04 5.072565727459732443e-06 5.199108272790908813e-07 1.679108123653350049e-07 3.691005986183881760e-06 5.199108272790908813e-07 1.679108123653350049e-07
3.200000000000000000e+04 4.998903023079037666e-06 5.244671115178789478e-07 1.491592058755486505e-07 3.628528702392941341e-06 5.244671115178789478e-07 1.491592058755486505e-07
3.300000000000000000e+04 3.163841756759211421e-05 4.350236849859356880e-06 1.577586408529896289e-05 2.625637716846540570e-05 4.350236849859356880e-06 1.577586408529896289e-05
3.400000000000000000e+04 3.894909241353161633e-06 4.707578398210898740e-07 1.299220855344174197e-07 3.024210400326410308e-06 4.707578398210898740e-07 1.299220855344174197e-07
3.500000000000000000e+04 6.330251835606759414e-06 8.225711098930332810e-07 1.500203666182642337e-06 4.876806087850127369e-06 8.225711098930332810e-07 1.500203666182642337e-06
3.600000000000000000e+04 4.240518137521576136e-06 4.457043303318641847e-07 2.359512336624902673e-07 3.183573880960466340e-06 4.457043303318641847e-07 2.359512336624902673e-07
3.700000000000000000e+04 3.738021177923656069e-06 4.181441966011334443e-07 1.214885969602619298e-07 2.746849759205360897e-06 4.181441966011334443e-07 1.214885969602619298e-07
3.800000000000000000e+04 1.379619334329618141e-05 2.570805918367113918e-05 2.202668292738962919e-05 9.023687198350671679e-06 2.570805918367113918e-05 2.202668292738962919e-05
3.900000000000000000e+04 7.273840765265049413e-06 8.311953934025950730e-07 2.033063083217712119e-06 5.710249752155505121e-06 8.311953934025950730e-07 2.033063083217712119e-06
4.000000000000000000e+04 3.741941554835648276e-06 4.391622496768832207e-07 3.870134719363704789e-07 2.909719569288427010e-06 4.391622496768832207e-07 3.870134719363704789e-07
4.100000000000000000e+04 9.389416663907468319e-05 1.756416531861759722e-05 6.194899469846859574e-05 8.014816557988524437e-05 1.756416531861759722e-05 6.194899469846859574e-05
4.200000000000000000e+04 3.018300958501640707e-06 3.360107996286387788e-07 1.015098405332537368e-07 2.281674596815719269e-06 3.360107996286387788e-07 1.015098405332537368e-07
4.300000000000000000e+04 1.311512187385233119e-05 9.385918815496552270e-07 3.681745965877780691e-06 1.096568394132191315e-05 9.385918815496552270e-07 3.681745965877780691e-06
4.400000000000000000e+04 2.794264446492888965e-06 3.048231462798867142e-07 9.603953543546595029e-08 2.083493882309994660e-06 3.048231462798867142e-07 9.603953543546595029e-08
4.500000000000000000e+04 2.784478965622838587e-06 2.960926508421835024e-07 1.143367498457337206e-07 2.065472926915390417e-06 2.960926508421835024e-07 1.143367498457337206e-07
4.600000000000000000e+04 1.534831426397431642e-05 1.808185402296658140e-06 6.383706477208761498e-06 1.286975020775571465e-05 1.808185402296658140e-06 6.383706477208761498e-06
4.700000000000000000e+04 2.461831854816409759e-06 2.578137525688362075e-07 8.607991475173548679e-08 1.823801653699774761e-06 2.578137525688362075e-07 8.607991475173548679e-08
4.800000000000000000e+04 1.262371079064905643e-04 2.578951898613013327e-05 8.490041363984346390e-05 1.084343457478098571e-04 2.578951898613013327e-05 8.490041363984346390e-05
4.900000000000000000e+04 1.007464834401616827e-05 8.837356290314346552e-06 5.747960585722466931e-06 7.013319191173650324e-06 8.837356290314346552e-06 5.747960585722466931e-06
5.000000000000000000e+04 1.902334042824804783e-05 7.776878305776335765e-07 1.391935825267864857e-06 1.510430502094095573e-05 7.776878305776335765e-07 1.391935825267864857e-06
5.100000000000000000e+04 2.418174972262931988e-06 2.136810763886387576e-07 1.816700176959784585e-07 1.847272301347402390e-06 2.136810763886387576e-07 1.816700176959784585e-07
5.200000000000000000e+04 1.078085188055410981e-05 1.000613906398939434e-06 3.711769750225357711e-06 8.773385161475744098e-06 1.000613906398939434e-06 3.711769750225357711e-06
5.300000000000000000e+04 1.935248519657761790e-06 1.796168334067260730e-07 9.195982642040689825e-08 1.460816406506637577e-06 1.796168334067260730e-07 9.195982642040689825e-08
5.400000000000000000e+04 1.813183530430251267e-06 2.068584734615797061e-07 8.219236491413539625e-08 1.390652300869987812e-06 2.068584734615797061e-07 8.219236491413539625e-08
5.500000000000000000e+04 1.815844143493450247e-06 1.614870797084222431e-07 6.731217183642002055e-08 1.341499796581047121e-06 1.614870797084222431e-07 6.731217183642002055e-08
5.600000000000000000e+04 1.717467057460453361e-06 1.492940810976506327e-07 6.092827220527397003e-08 1.295981292059877887e-06 1.492940810976506327e-07 6.092827220527397003e-08
5.700000000000000000e+04 6.827167089795693755e-05 5.481361313286470249e-06 2.854231024684850127e-05 5.726701419916935265e-05 5.481361313286470249e-06 2.854231024684850127e-05
5.800000000000000000e+04 1.651011643843958154e-06 1.633704158621185343e-07 1.184619122795993462e-07 1.224068341798556503e-06 1.633704158621185343e-07 1.184619122795993462e-07
5.900000000000000000e+04 1.601368580850248691e-06 1.264016162849657121e-07 7.007121638480384718e-08 1.196264292957494035e-06 1.264016162849657121e-07 7.007121638480384718e-08
6.000000000000000000e+04 1.848662577685900033e-06 3.905568632944778074e-07 1.892687890858724131e-07 1.333649379375856370e-06 3.905568632944778074e-07 1.892687890858724131e-07
6.100000000000000000e+04 1.544005499454215169e-06 1.143512591283979418e-07 5.201745878480323881e-08 1.121724721997452434e-06 1.143512591283979418e-07 5.201745878480323881e-08
6.200000000000000000e+04 8.004252777027431875e-06 1.066388222170644440e-06 3.420186203584307805e-06 6.564074737980263308e-06 1.066388222170644440e-06 3.420186203584307805e-06
6.300000000000000000e+04 1.467139213673362974e-06 1.376691756149739376e-07 1.042753510205329803e-07 1.116994781114044599e-06 1.376691756149739376e-07 1.042753510205329803e-07
6.400000000000000000e+04 1.602044449100503698e-06 5.317434670359943993e-07 6.323604679892014246e-07 1.155918539552658331e-06 5.317434670359943993e-07 6.323604679892014246e-07
6.500000000000000000e+04 1.351112928205111530e-06 1.004212464295051177e-07 4.161061184504433186e-08 1.051065169122011866e-06 1.004212464295051177e-07 4.161061184504433186e-08
6.600000000000000000e+04 1.486374117121158633e-06 9.317921723095423658e-08 8.277621077468211297e-08 1.100232907447207253e-06 9.317921723095423658e-08 8.277621077468211297e-08
6.700000000000000000e+04 1.448721491215110291e-06 8.475642943039929378e-08 4.334838266117913008e-08 1.039669768942985684e-06 8.475642943039929378e-08 4.334838266117913008e-08
6.800000000000000000e+04 1.384169991069938987e-06 8.388177974438804085e-08 4.058783176219549205e-08 1.020734316625748761e-06 8.388177974438804085e-08 4.058783176219549205e-08
6.900000000000000000e+04 1.318695285590365529e-05 2.172188715121592395e-06 6.792595286242431030e-06 1.109794447984313592e-05 2.172188715121592395e-06 6.792595286242431030e-06
7.000000000000000000e+04 1.659272129472810775e-06 1.168230241432866023e-07 2.127963938391985721e-07 1.213756149809341878e-06 1.168230241432866023e-07 2.127963938391985721e-07
7.100000000000000000e+04 3.691421625262591988e-06 3.702646722558711190e-07 1.067181415237428155e-06 2.892979409807594493e-06 3.702646722558711190e-07 1.067181415237428155e-06
7.200000000000000000e+04 1.400173800902848598e-06 7.748778330096683931e-08 3.908925449991329515e-08 9.889778311844565906e-07 7.748778330096683931e-08 3.908925449991329515e-08
7.300000000000000000e+04 1.550832621433073655e-06 1.264981364101913641e-07 3.083293265149222862e-08 1.109387653741578106e-06 1.264981364101913641e-07 3.083293265149222862e-08
7.400000000000000000e+04 1.358578060717263725e-06 1.632353558989052544e-07 1.184104121421114542e-07 9.622219749871874228e-07 1.632353558989052544e-07 1.184104121421114542e-07
7.500000000000000000e+04 1.646718715164752211e-06 2.648303905061766272e-07 1.413885257761648973e-07 1.165944581771327648e-06 2.648303905061766272e-07 1.413885257761648973e-07
7.600000000000000000e+04 1.365255798191356007e-06 6.708696531632085680e-08 3.462257325281825615e-08 9.492285357737273443e-07 6.708696531632085680e-08 3.462257325281825615e-08
7.700000000000000000e+04 1.319995362791814841e-06 7.954835723467112985e-08 5.285690107825757877e-08 9.337012443211278878e-07 7.954835723467112985e-08 5.285690107825757877e-08
7.800000000000000000e+04 1.305986643274081871e-06 6.603857372056154418e-08 3.486637822902594053e-08 9.356439250041148625e-07 6.603857372056154418e-08 3.486637822902594053e-08
7.900000000000000000e+04 1.269007611881534103e-06 6.598173030170073616e-08 2.925652609064854914e-08 9.184074656332086306e-07 6.598173030170073616e-08 2.925652609064854914e-08
8.000000000000000000e+04 4.079069913132116199e-05 2.445858399369171821e-06 1.080711263057310134e-05 3.372613355168141425e-05 2.445858399369171821e-06 1.080711263057310134e-05
8.100000000000000000e+04 1.024629182211356238e-05 2.497468130968627520e-06 6.391486294887727126e-06 8.644387889944482595e-06 2.497468130968627520e-06 6.391486294887727126e-06
8.200000000000000000e+04 1.246026386070298031e-06 6.716242495485857944e-08 5.729370400331390556e-08 9.174703450298693497e-07 6.716242495485857944e-08 5.729370400331390556e-08
8.300000000000000000e+04 4.170774263911880553e-05 7.330723292398033664e-06 2.230382597190327942e-05 3.529064633767120540e-05 7.330723292398033664e-06 2.230382597190327942e-05
8.400000000000000000e+04 1.280316269003378693e-06 5.680540837715852831e-08 3.584303343018291343e-08 8.985130079963710159e-07 5.680540837715852831e-08 3.584303343018291343e-08
8.500000000000000000e+04 4.439701569936005399e-06 4.465840106604446191e-07 1.357258270218153484e-06 3.550425844878191128e-06 4.465840106604446191e-07 1.357258270218153484e-06
8.600000000000000000e+04 1.265508444703300484e-06 6.912928540714347037e-08 3.922226810004758590e-08 9.263524134439649060e-07 6.912928540714347037e-08 3.922226810004758590e-08
8.700000000000000000e+04 1.407568379363510758e-05 1.048740705300588161e-05 6.432233476516557857e-06 1.016119040286866948e-05 1.048740705300588161e-05 6.432233476516557857e-06
8.800000000000000000e+04 1.351302103103080299e-06 9.475296991467985208e-08 1.092374333211409976e-07 9.659918305260362104e-07 9.475296991467985208e-08 1.092374333211409976e-07
8.900000000000000000e+04 3.116364041488850489e-06 2.373611778239137493e-07 7.043306027298967820e-07 2.453910838084993884e-06 2.373611778239137493e-07 7.043306027298967820e-07
9.000000000000000000e+04 1.244170448444492649e-06 5.813084413830438280e-08 2.859946413025227230e-08 8.693414201843552291e-07 5.813084413830438280e-08 2.859946413025227230e-08
9.100000000000000000e+04 1.242215262209356297e-06 6.049997836043985444e-08 4.836808997765729146e-08 8.831538025333429687e-07 6.049997836043985444e-08 4.836808997765729146e-08
9.200000000000000000e+04 1.550418232909578364e-06 1.169900798458911595e-07 1.902088655469924561e-07 1.142000201070914045e-06 1.169900798458911595e-07 1.902088655469924561e-07
9.300000000000000000e+04 1.723787136143073440e-06 1.899618268907943275e-06 1.866206389422586653e-06 1.205600938192219473e-06 1.899618268907943275e-06 1.866206389422586653e-06
9.400000000000000000e+04 1.310793209086114075e-06 7.257384737613392645e-08 6.623945125738828210e-08 9.209397831000387669e-07 7.257384737613392645e-08 6.623945125738828210e-08
9.500000000000000000e+04 1.173716100311139598e-06 5.661824076241828152e-08 3.565913786474084191e-08 8.394943620260164607e-07 5.661824076241828152e-08 3.565913786474084191e-08
9.600000000000000000e+04 1.683111804595682770e-06 2.449575333685061196e-07 1.047095352646465471e-07 1.274657961403136142e-06 2.449575333685061196e-07 1.047095352646465471e-07
9.700000000000000000e+04 1.869562538558966480e-06 9.499852353656024206e-07 6.449820943998929579e-07 1.283529513784742448e-06 9.499852353656024206e-07 6.449820943998929579e-07
9.800000000000000000e+04 1.294015532948833425e-06 8.634823700504057342e-08 4.523131380551603797e-08 9.372764679937972687e-07 8.634823700504057342e-08 4.523131380551603797e-08
9.900000000000000000e+04 5.979236902931006625e-06 1.622176910132111516e-06 5.285893394102458842e-07 4.421516678121406585e-06 1.622176910132111516e-06 5.285893394102458842e-07
1.000000000000000000e+05 1.174142767013108823e-06 9.714249671333163860e-08 5.749702935986533703e-08 8.427846296399366111e-07 9.714249671333163860e-08 5.749702935986533703e-08
1.010000000000000000e+05 3.864371319650672376e-05 1.297561425417370629e-06 5.962130217085359618e-06 3.144629226881079376e-05 1.297561425417370629e-06 5.962130217085359618e-06
1.020000000000000000e+05 1.319076886829861905e-06 1.098593571668970981e-07 2.108874070927413413e-07 9.797115581022808328e-07 1.098593571668970981e-07 2.108874070927413413e-07
1.030000000000000000e+05 1.103392719414841849e-06 5.169137651250821364e-08 3.235105694443518587e-08 7.973645779202342965e-07 5.169137651250821364e-08 3.235105694443518587e-08
1.040000000000000000e+05 1.623200660105794668e-05 1.174326371256029233e-05 6.792791737098013982e-06 1.157915903604589403e-05 1.174326371256029233e-05 6.792791737098013982e-06
1.050000000000000000e+05 1.936359240062301978e-06 3.276957158959703520e-07 6.693806540170044173e-07 1.544238671158382203e-06 3.276957158959703520e-07 6.693806540170044173e-07
1.060000000000000000e+05 1.288401222154789139e-06 2.444151618874457199e-07 1.643753932967229048e-07 9.248858532373560593e-07 2.444151618874457199e-07 1.643753932967229048e-07
1.070000000000000000e+05 1.308895321017189417e-06 7.118229206071191584e-08 1.137442637855201610e-07 9.649008916312595829e-07 7.118229206071191584e-08 1.137442637855201610e-07
1.080000000000000000e+05 1.075865725397306960e-06 5.423441962193464860e-08 2.813665744838544924e-08 7.750577992737817112e-07 5.423441962193464860e-08 2.813665744838544924e-08
1.090000000000000000e+05 1.078169020729546901e-06 1.004238256996359269e-07 8.103993565100608976e-08 7.744883987470529974e-07 1.004238256996359269e-07 8.103993565100608976e-08
1.100000000000000000e+05 4.463650839170441031e-06 3.710731277806189610e-07 1.370906602460308932e-06 3.586344291761633940e-06 3.710731277806189610e-07 1.370906602460308932e-06
1.110000000000000000e+05 2.241530182800488546e-06 1.567040470717984135e-07 4.144495164837280754e-07 1.760700001796067227e-06 1.567040470717984135e-07 4.144495164837280754e-07
1.120000000000000000e+05 1.163973934126261156e-06 1.142492251915427914e-07 4.580778067975188605e-08 8.409019187638477888e-07 1.142492251915427914e-07 4.580778067975188605e-08
1.130000000000000000e+05 1.205459511766093783e-06 4.889815485853432619e-08 4.857866997554083355e-08 8.882907991392130498e-07 4.889815485853432619e-08 4.857866997554083355e-08
1.140000000000000000e+05 1.040713755173783284e-06 5.012884329858025012e-08 2.704797807950853894e-08 7.544111895185778849e-07 5.012884329858025012e-08 2.704797807950853894e-08
1.150000000000000000e+05 1.173438931800774299e-06 5.294475045047875028e-07 4.918721856483898591e-07 8.364045243069995195e-07 5.294475045047875028e-07 4.918721856483898591e-07
1.160000000000000000e+05 1.109490881390229333e-06 1.606644985940874903e-07 2.264219318703908357e-07 8.148593906298629008e-07 1.606644985940874903e-07 2.264219318703908357e-07
1.170000000000000000e+05 1.053844812304305378e-06 5.047141371505858842e-08 2.721471403788200405e-08 7.456193884536332916e-07 5.047141371505858842e-08 2.721471403788200405e-08
1.180000000000000000e+05 1.044929831550689414e-06 5.431234129105177999e-08 2.801660947682194092e-08 7.486291337954753544e-07 5.431234129105177999e-08 2.801660947682194092e-08
1.190000000000000000e+05 9.370053703605663031e-06 1.420043190591968596e-06 4.116276613785885274e-06 7.718308552284725010e-06 1.420043190591968596e-06 4.116276613785885274e-06
1.200000000000000000e+05 1.229895701726491097e-06 2.218649797214311548e-07 2.256078062146116281e-07 8.425316195825871546e-07 2.218649797214311548e-07 2.256078062146116281e-07
1.210000000000000000e+05 1.272362987947417423e-05 1.711453364805493038e-06 5.329671239451272413e-06 1.058386078511830419e-05 1.711453364805493038e-06 5.329671239451272413e-06
1.220000000000000000e+05 1.002620024337375071e-06 4.757686866696531069e-08 2.746745586534871109e-08 7.182567856034438591e-07 4.757686866696531069e-08 2.746745586534871109e-08
1.230000000000000000e+05 8.441212230536621064e-06 2.117022177117178217e-06 5.790153636553441174e-07 6.255022526602260768e-06 2.117022177117178217e-06 5.790153636553441174e-07
1.240000000000000000e+05 9.778749472388881259e-07 5.006909375993018330e-08 2.978784685581103986e-08 7.106430643943895120e-07 5.006909375993018330e-08 2.978784685581103986e-08
1.250000000000000000e+05 1.404056638421025127e-05 5.995612355036428198e-06 2.768086915239109658e-06 1.019553837977582589e-05 5.995612355036428198e-06 2.768086915239109658e-06
1.260000000000000000e+05 1.648203942750114948e-05 1.204790169140323997e-05 7.334305792028317228e-06 1.172273277916247025e-05 1.204790169140323997e-05 7.334305792028317228e-06
1.270000000000000000e+05 1.219794739881763235e-06 7.313187921909047873e-08 1.099353923450507864e-07 8.926615464588394389e-07 7.313187921909047873e-08 1.099353923450507864e-07
1.280000000000000000e+05 1.084456584976578597e-06 1.969399363588308915e-07 3.247449740229058079e-07 7.974792879394954070e-07 1.969399363588308915e-07 3.247449740229058079e-07
1.290000000000000000e+05 9.764352171259815805e-07 4.222401273068498995e-08 2.971865775691640010e-08 7.107042279130837414e-07 4.222401273068498995e-08 2.971865775691640010e-08
1.300000000000000000e+05 1.195236450257652905e-06 6.036646738039053162e-08 1.205498278977756854e-07 8.994821882879477926e-07 6.036646738039053162e-08 1.205498278977756854e-07
1.310000000000000000e+05 7.580068086099345237e-06 2.439139507259824313e-06 5.748927833337802440e-06 6.445851340686203912e-06 2.439139507259824313e-06 5.748927833337802440e-06
1.320000000000000000e+05 4.097300006833393127e-06 1.626006087462883443e-05 1.962914211617317051e-05 3.346909124957164750e-06 1.626006087462883443e-05 1.962914211617317051e-05
1.330000000000000000e+05 9.685113582236226648e-07 6.389602447143261088e-08 5.187471430190271349e-08 7.012411060713930055e-07 6.389602447143261088e-08 5.187471430190271349e-08
1.340000000000000000e+05 1.113836560762138106e-06 9.341805906615263666e-08 1.331013663730118424e-07 8.133252435982285533e-07 9.341805906615263666e-08 1.331013663730118424e-07
1.350000000000000000e+05 1.101811335502134170e-06 4.143736376249762543e-08 4.039976531089450873e-08 8.141656735460855998e-07 4.143736376249762543e-08 4.039976531089450873e-08
1.360000000000000000e+05 5.183832399779930711e-06 6.885332481942896266e-07 2.038747425103792921e-06 4.251148766343249008e-06 6.885332481942896266e-07 2.038747425103792921e-06
1.370000000000000000e+05 1.125049607253458817e-06 1.033666308103420306e-07 1.481176781226167805e-07 8.148312531375268009e-07 1.033666308103420306e-07 1.481176781226167805e-07
1.380000000000000000e+05 2.613032847875729203e-06 4.331902516696573002e-07 1.145043597716721706e-06 2.128548203472746536e-06 4.331902516696573002e-07 1.145043597716721706e-06
1.390000000000000000e+05 1.347086026726174168e-06 1.005848844215506688e-07 2.397476919213659130e-07 1.047163436851406004e-06 1.005848844215506688e-07 2.397476919213659130e-07
1.400000000000000000e+05 1.166958213616453577e-06 8.063267387115047313e-08 1.743553497135508223e-07 8.864830078891827725e-07 8.063267387115047313e-08 1.743553497135508223e-07
1.410000000000000000e+05 1.296102482228889130e-06 7.442421434689094895e-08 1.253609411833167542e-07 9.522879054202348925e-07 7.442421434689094895e-08 1.253609411833167542e-07
1.420000000000000000e+05 8.251429790107067674e-06 4.252055703091173200e-07 1.706487068986461964e-06 6.657463472947711125e-06 4.252055703091173200e-07 1.706487068986461964e-06
1.430000000000000000e+05 9.293422635892056860e-07 3.936637327228709182e-08 3.262793057956514531e-08 6.835904855506669264e-07 3.936637327228709182e-08 3.262793057956514531e-08
1.440000000000000000e+05 1.076992248272290453e-06 1.515952590125380084e-07 1.462527023932125303e-07 8.303576919388433453e-07 1.515952590125380084e-07 1.462527023932125303e-07
1.450000000000000000e+05 9.124823918682523072e-07 3.683333105186648027e-08 3.189546049497948843e-08 6.711813966830959544e-07 3.683333105186648027e-08 3.189546049497948843e-08
1.460000000000000000e+05 9.500364512859960087e-07 5.501170718957837380e-08 5.232682198652582883e-08 6.950115221115993336e-07 5.501170718957837380e-08 5.232682198652582883e-08
1.470000000000000000e+05 9.103430897994257975e-07 3.875170762057678076e-08 2.838338630795078643e-08 6.647964028161368333e-07 3.875170762057678076e-08 2.838338630795078643e-08
1.480000000000000000e+05 1.021897901409829501e-06 6.865655421961491811e-08 9.431555980654593441e-08 7.358129323620232753e-07 6.865655421961491811e-08 9.431555980654593441e-08
1.490000000000000000e+05 9.245788419320888352e-07 4.022247068746764853e-08 2.808826060629598942e-08 6.892803980917960871e-07 4.022247068746764853e-08 2.808826060629598942e-08
1.500000000000000000e+05 1.042335384227044415e-06 7.486890467589546461e-07 9.110327710004639812e-07 7.814271043571352493e-07 7.486890467589546461e-07 9.110327710004639812e-07
1.510000000000000000e+05 9.551973789712064900e-07 3.679134508161041595e-08 3.261343906046931806e-08 7.049171131257025991e-07 3.679134508161041595e-08 3.261343906046931806e-08
1.520000000000000000e+05 2.650935584824765101e-06 3.545537481386418222e-07 1.042303892972995527e-06 2.162111968573299237e-06 3.545537481386418222e-07 1.042303892972995527e-06
1.530000000000000000e+05 3.811284113908186555e-05 8.366086149180773646e-06 2.352971023356076330e-05 3.190161078236997128e-05 8.366086149180773646e-06 2.352971023356076330e-05
1.540000000000000000e+05 2.958577897516079247e-05 5.614641395368380472e-06 1.452680498914560303e-05 2.423490514047443867e-05 5.614641395368380472e-06 1.452680498914560303e-05
1.550000000000000000e+05 9.968673566618235782e-07 6.148242448489327217e-08 1.105738860474048124e-07 7.458150435013521928e-07 6.148242448489327217e-08 1.105738860474048124e-07
1.560000000000000000e+05 9.544481827106210403e-07 1.396523288121898076e-07 1.000598999212343188e-07 6.829911285421985667e-07 1.396523288121898076e-07 1.000598999212343188e-07
1.570000000000000000e+05 1.407069134984340053e-06 2.497315279015310807e-07 4.256132513091870351e-07 1.033659259519481566e-06 2.497315279015310807e-07 4.256132513091870351e-07
1.580000000000000000e+05 9.568811947247013450e-07 5.730897711941906891e-08 8.149792307676761993e-08 7.305317808459221851e-07 5.730897711941906891e-08 8.149792307676761993e-08
1.590000000000000000e+05 3.987467152910539880e-06 1.130996565734676551e-06 4.228090801916550845e-07 2.913988055297522806e-06 1.130996565734676551e-06 4.228090801916550845e-07
1.600000000000000000e+05 8.745255968278797809e-07 3.495301470479716954e-08 2.904259943647957698e-08 6.438381774387380574e-07 3.495301470479716954e-08 2.904259943647957698e-08
1.610000000000000000e+05 9.361249340145150200e-07 4.635788997120471322e-08 6.328833990210114280e-08 7.066315674819634296e-07 4.635788997120471322e-08 6.328833990210114280e-08
1.620000000000000000e+05 1.093423293241357896e-06 1.073004796126042493e-07 2.342286506973323412e-07 8.419940513704204932e-07 1.073004796126042493e-07 2.342286506973323412e-07
1.630000000000000000e+05 8.726541977921442594e-07 3.517227042948434246e-08 2.740606497297903843e-08 6.352623245220456738e-07 3.517227042948434246e-08 2.740606497297903843e-08
1.640000000000000000e+05 8.646642299936502241e-07 3.589521568869713519e-08 2.523876219129306264e-08 6.312904474725655746e-07 3.589521568869713519e-08 2.523876219129306264e-08
1.650000000000000000e+05 9.621666322345845401e-06 4.000706667284248397e-06 8.575108040531631559e-06 8.216466994781512767e-06 4.000706667284248397e-06 8.575108040531631559e-06
1.660000000000000000e+05 9.381732297697453760e-07 6.496399151956211426e-08 7.989660844032187015e-08 6.828436767136736307e-07 6.496399151956211426e-08 7.989660844032187015e-08
1.670000000000000000e+05 4.668329893320333213e-06 1.208636035698873457e-06 2.750793100858572870e-06 3.722717337950598449e-06 1.208636035698873457e-06 2.750793100858572870e-06
1.680000000000000000e+05 8.682264933668193407e-07 3.395834013986132049e-08 2.809452404051171470e-08 6.337165814329637215e-07 3.395834013986132049e-08 2.809452404051171470e-08
1.690000000000000000e+05 6.461843440774828196e-05 1.485648135712835938e-05 3.775787627091631293e-05 5.381354276323691010e-05 1.485648135712835938e-05 3.775787627091631293e-05
1.700000000000000000e+05 1.356119264528388157e-05 1.774122551978507545e-06 4.999179054721025750e-06 1.092582624551141635e-05 1.774122551978507545e-06 4.999179054721025750e-06
1.710000000000000000e+05 2.037298600043868646e-06 9.287597890761389863e-07 5.398952680479851551e-07 1.463570242776768282e-06 9.287597890761389863e-07 5.398952680479851551e-07
1.720000000000000000e+05 3.569063892427948304e-06 2.590215615327906562e-07 7.440098670485895127e-07 2.703646487134392373e-06 2.590215615327906562e-07 7.440098670485895127e-07
1.730000000000000000e+05 9.340620863440562971e-07 4.661248809156859352e-08 3.688304062166025687e-08 6.647289865213679150e-07 4.661248809156859352e-08 3.688304062166025687e-08
1.740000000000000000e+05 3.468149770924355835e-06 1.547768079035449773e-06 8.697127782397728879e-07 2.476793270034249872e-06 1.547768079035449773e-06 8.697127782397728879e-07
1.750000000000000000e+05 3.891856977134011686e-05 7.527658453909680247e-06 2.073102768918033689e-05 3.158981780870817602e-05 7.527658453909680247e-06 2.073102768918033689e-05
1.760000000000000000e+05 1.430432575943996198e-06 1.557776698746238253e-07 4.208266943805938354e-07 1.139771711677894928e-06 1.557776698746238253e-07 4.208266943805938354e-07
1.770000000000000000e+05 1.704103510746790562e-06 3.035084432667645160e-07 7.030982942524133250e-07 1.390143324897508137e-06 3.035084432667645160e-07 7.030982942524133250e-07
1.780000000000000000e+05 1.648737634241115302e-05 1.045887802320066839e-05 6.192790351633448154e-06 1.181321022158954293e-05 1.045887802320066839e-05 6.192790351633448154e-06
1.790000000000000000e+05 2.793168823700398207e-05 7.929702405817806721e-06 1.889965460577514023e-05 2.323996523045934737e-05 7.929702405817806721e-06 1.889965460577514023e-05
1.800000000000000000e+05 1.069082827598322183e-05 1.800075438040948939e-06 5.378041805670363829e-06 8.899471140466630459e-06 1.800075438040948939e-06 5.378041805670363829e-06
1.810000000000000000e+05 8.230482535509509034e-07 3.437212114931753604e-08 2.691996847659083869e-08 6.086124244575330522e-07 3.437212114931753604e-08 2.691996847659083869e-08
1.820000000000000000e+05 6.732430847478099167e-06 1.005285866995109245e-05 1.033330590871628374e-05 5.057662747276481241e-06 1.005285866995109245e-05 1.033330590871628374e-05
1.830000000000000000e+05 8.616428885943605565e-07 3.306776008571432612e-08 3.275792437307245564e-08 6.434329407056793571e-07 3.306776008571432612e-08 3.275792437307245564e-08
1.840000000000000000e+05 1.572959263285156339e-06 8.277638841036605299e-08 2.514305492695712019e-07 1.227332631970057264e-06 8.277638841036605299e-08 2.514305492695712019e-07
1.850000000000000000e+05 8.807643325781100430e-07 4.465914216211785970e-08 7.111921007663113414e-08 6.727434538333909586e-07 4.465914216211785970e-08 7.111921007663113414e-08
1.860000000000000000e+05 8.007946803445520345e-07 3.703763340467958187e-08 2.928177345040694490e-08 5.921002070863323752e-07 3.703763340467958187e-08 2.928177345040694490e-08
1.870000000000000000e+05 1.039203539221489336e-06 9.794013067221385427e-08 1.516674359436365194e-07 7.625128546351334080e-07 9.794013067221385427e-08 1.516674359436365194e-07
1.880000000000000000e+05 5.570359007833758369e-06 1.188608507618482690e-06 2.844429445758578368e-06 4.447910214366856962e-06 1.188608507618482690e-06 2.844429445758578368e-06
1.890000000000000000e+05 1.945569465533480980e-06 2.336028757099484210e-07 6.397131073754280806e-07 1.566101559546950739e-06 2.336028757099484210e-07 6.397131073754280806e-07
1.900000000000000000e+05 1.312026256528042722e-06 2.377175007950427243e-07 1.064026520225525019e-07 9.316419777860573959e-07 2.377175007950427243e-07 1.064026520225525019e-07
1.910000000000000000e+05 6.399994163075461984e-05 1.391808746120659634e-05 3.847780681098811328e-05 5.227643850957974792e-05 1.391808746120659634e-05 3.847780681098811328e-05
1.920000000000000000e+05 6.795362878619926050e-06 4.326849648350616917e-06 2.639942067617084831e-06 4.834214450966101140e-06 4.326849648350616917e-06 2.639942067617084831e-06
1.930000000000000000e+05 2.300043206560076214e-06 1.275259080557589186e-07 3.320157659914002579e-08 1.701464611869596411e-06 1.275259080557589186e-07 3.320157659914002579e-08
1.940000000000000000e+05 1.950586465682135895e-06 2.418194071651669219e-07 6.520220381389663089e-07 1.569460778227949049e-06 2.418194071651669219e-07 6.520220381389663089e-07
1.950000000000000000e+05 1.425396330887451768e-04 3.590381675167009234e-05 8.633150719106197357e-05 1.177033482235856354e-04 3.590381675167009234e-05 8.633150719106197357e-05
1.960000000000000000e+05 1.521321064501535147e-05 3.271836931162397377e-06 8.494800567859783769e-06 1.256507675861939788e-05 3.271836931162397377e-06 8.494800567859783769e-06
1.970000000000000000e+05 1.272344070457620546e-05 1.192285162687767297e-05 8.602984962635673583e-06 8.915592843550257385e-06 1.192285162687767297e-05 8.602984962635673583e-06
1.980000000000000000e+05 7.672811648262722883e-07 3.268321435712095990e-08 2.517633745924285904e-08 5.744620352743368130e-07 3.268321435712095990e-08 2.517633745924285904e-08
1.990000000000000000e+05 4.286687271815026179e-06 7.402317123705870472e-07 1.419430191162973642e-07 3.196348416167893447e-06 7.402317123705870472e-07 1.419430191162973642e-07
2.000000000000000000e+05 7.754005082460935228e-07 3.181761343284961185e-08 2.480667582460682752e-08 5.812120207338011824e-07 3.181761343284961185e-08 2.480667582460682752e-08
2.000000000000000000e+05 7.703373512413236313e-07 3.181761343284961185e-08 2.480667582460682752e-08 5.812120207338011824e-07 3.181761343284961185e-08 2.480667582460682752e-08
2.010000000000000000e+05 7.644438255738350563e-07 3.239282619915684336e-08 2.384557085122196440e-08 5.720389140151382890e-07 3.239282619915684336e-08 2.384557085122196440e-08
2.020000000000000000e+05 7.640533681296801660e-07 3.238119461457245052e-08 2.383552200058147719e-08 5.718576403523911722e-07 3.238119461457245052e-08 2.383552200058147719e-08
2.030000000000000000e+05 7.638408874299784657e-07 3.239089707562925469e-08 2.382821939761470276e-08 5.717558906326303259e-07 3.239089707562925469e-08 2.382821939761470276e-08
2.040000000000000000e+05 7.636360805918229744e-07 3.240061019482709526e-08 2.381231922754523112e-08 5.715431825592531823e-07 3.240061019482709526e-08 2.381231922754523112e-08
2.050000000000000000e+05 7.634672556378063746e-07 3.241675372578356473e-08 2.379068142488449666e-08 5.713624773306946736e-07 3.241675372578356473e-08 2.379068142488449666e-08
2.060000000000000000e+05 7.633223617631301749e-07 3.240626966771742445e-08 2.377214514126535505e-08 5.712516326639160980e-07 3.240626966771742445e-08 2.377214514126535505e-08
2.070000000000000000e+05 7.632150982317398302e-07 3.239082957406935748e-08 2.375410979027492431e-08 5.710817276849411428e-07 3.239082957406935748e-08 2.375410979027492431e-08
2.080000000000000000e+05 7.630546861037146300e-07 3.238522694459788909e-08 2.374805241345256945e-08 5.709949277843406890e-07 3.238522694459788909e-08 2.374805241345256945e-08
2.090000000000000000e+05 7.629591891600284725e-07 3.236910828263717121e-08 2.374757279710593139e-08 5.709085257876722608e-07 3.236910828263717121e-08 2.374757279710593139e-08
2.100000000000000000e+05 7.628477192156424280e-07 3.235545875668321969e-08 2.374026308871179936e-08 5.708340040655457415e-07 3.235545875668321969e-08 2.374026308871179936e-08
2.110000000000000000e+05 7.546858569185133092e-07 3.225832401199113519e-08 2.384178188208352367e-08 5.696161338164529298e-07 3.225832401199113519e-08 2.384178188208352367e-08
2.120000000000000000e+05 7.543877700300072320e-07 3.220943511905716150e-08 2.385704966911816882e-08 5.695122240467753727e-07 3.220943511905716150e-08 2.385704966911816882e-08
2.130000000000000000e+05 7.541356126239406876e-07 3.216972288555552950e-08 2.383976571707080439e-08 5.693551088370440993e-07 3.216972288555552950e-08 2.383976571707080439e-08
2.140000000000000000e+05 7.539533726230729371e-07 3.215142996282338572e-08 2.380746444430315023e-08 5.692025979442405514e-07 3.215142996282338572e-08 2.380746444430315023e-08
2.150000000000000000e+05 7.538181989730219357e-07 3.215040678128389118e-08 2.377404406672667392e-08 5.691164801646664273e-07 3.215040678128389118e-08 2.377404406672667392e-08
