# x
0.000000000000000000e+00 6.250000000000000000e-02
0.000000000000000000e+00 1.250000000000000000e-01
0.000000000000000000e+00 1.875000000000000000e-01
0.000000000000000000e+00 2.500000000000000000e-01
0.000000000000000000e+00 3.125000000000000000e-01
0.000000000000000000e+00 3.750000000000000000e-01
0.000000000000000000e+00 4.375000000000000000e-01
0.000000000000000000e+00 5.000000000000000000e-01
0.000000000000000000e+00 5.625000000000000000e-01
0.000000000000000000e+00 6.250000000000000000e-01
0.000000000000000000e+00 6.875000000000000000e-01
0.000000000000000000e+00 7.500000000000000000e-01
0.000000000000000000e+00 8.125000000000000000e-01
0.000000000000000000e+00 8.750000000000000000e-01
0.000000000000000000e+00 9.375000000000000000e-01
-6.250000000000000000e-02 1.000000000000000000e+00
-1.250000000000000000e-01 1.000000000000000000e+00
-1.875000000000000000e-01 1.000000000000000000e+00
-2.500000000000000000e-01 1.000000000000000000e+00
-3.125000000000000000e-01 1.000000000000000000e+00
-3.750000000000000000e-01 1.000000000000000000e+00
-4.375000000000000000e-01 1.000000000000000000e+00
-5.000000000000000000e-01 1.000000000000000000e+00
-5.625000000000000000e-01 1.000000000000000000e+00
-6.250000000000000000e-01 1.000000000000000000e+00
-6.875000000000000000e-01 1.000000000000000000e+00
-7.500000000000000000e-01 1.000000000000000000e+00
-8.125000000000000000e-01 1.000000000000000000e+00
-8.750000000000000000e-01 1.000000000000000000e+00
-9.375000000000000000e-01 1.000000000000000000e+00
-1.000000000000000000e+00 1.000000000000000000e+00
-1.000000000000000000e+00 9.375000000000000000e-01
-1.000000000000000000e+00 8.750000000000000000e-01
-1.000000000000000000e+00 8.125000000000000000e-01
-1.000000000000000000e+00 7.500000000000000000e-01
-1.000000000000000000e+00 6.875000000000000000e-01
-1.000000000000000000e+00 6.250000000000000000e-01
-1.000000000000000000e+00 5.625000000000000000e-01
-1.000000000000000000e+00 5.000000000000000000e-01
-1.000000000000000000e+00 4.375000000000000000e-01
-1.000000000000000000e+00 3.750000000000000000e-01
-1.000000000000000000e+00 3.125000000000000000e-01
-1.000000000000000000e+00 2.500000000000000000e-01
-1.000000000000000000e+00 1.875000000000000000e-01
-1.000000000000000000e+00 1.250000000000000000e-01
-1.000000000000000000e+00 6.250000000000000000e-02
-1.000000000000000000e+00 -6.250000000000000000e-02
-1.000000000000000000e+00 -1.250000000000000000e-01
-1.000000000000000000e+00 -1.875000000000000000e-01
-1.000000000000000000e+00 -2.500000000000000000e-01
-1.000000000000000000e+00 -3.125000000000000000e-01
-1.000000000000000000e+00 -3.750000000000000000e-01
-1.000000000000000000e+00 -4.375000000000000000e-01
-1.000000000000000000e+00 -5.000000000000000000e-01
-1.000000000000000000e+00 -5.625000000000000000e-01
-1.000000000000000000e+00 -6.250000000000000000e-01
-1.000000000000000000e+00 -6.875000000000000000e-01
-1.000000000000000000e+00 -7.500000000000000000e-01
-1.000000000000000000e+00 -8.125000000000000000e-01
-1.000000000000000000e+00 -8.750000000000000000e-01
-1.000000000000000000e+00 -1.000000000000000000e+00
-9.375000000000000000e-01 -1.000000000000000000e+00
-8.750000000000000000e-01 -1.000000000000000000e+00
-8.125000000000000000e-01 -1.000000000000000000e+00
-7.500000000000000000e-01 -1.000000000000000000e+00
-6.875000000000000000e-01 -1.000000000000000000e+00
-6.250000000000000000e-01 -1.000000000000000000e+00
-5.625000000000000000e-01 -1.000000000000000000e+00
-5.000000000000000000e-01 -1.000000000000000000e+00
-4.375000000000000000e-01 -1.000000000000000000e+00
-3.750000000000000000e-01 -1.000000000000000000e+00
-3.125000000000000000e-01 -1.000000000000000000e+00
-2.500000000000000000e-01 -1.000000000000000000e+00
-1.875000000000000000e-01 -1.000000000000000000e+00
-1.250000000000000000e-01 -1.000000000000000000e+00
-6.250000000000000000e-02 -1.000000000000000000e+00
6.250000000000000000e-02 -1.000000000000000000e+00
1.250000000000000000e-01 -1.000000000000000000e+00
1.875000000000000000e-01 -1.000000000000000000e+00
2.500000000000000000e-01 -1.000000000000000000e+00
3.125000000000000000e-01 -1.000000000000000000e+00
3.750000000000000000e-01 -1.000000000000000000e+00
4.375000000000000000e-01 -1.000000000000000000e+00
5.000000000000000000e-01 -1.000000000000000000e+00
5.625000000000000000e-01 -1.000000000000000000e+00
6.250000000000000000e-01 -1.000000000000000000e+00
6.875000000000000000e-01 -1.000000000000000000e+00
7.500000000000000000e-01 -1.000000000000000000e+00
8.125000000000000000e-01 -1.000000000000000000e+00
8.750000000000000000e-01 -1.000000000000000000e+00
9.375000000000000000e-01 -1.000000000000000000e+00
1.000000000000000000e+00 -9.375000000000000000e-01
1.000000000000000000e+00 -8.750000000000000000e-01
1.000000000000000000e+00 -8.125000000000000000e-01
1.000000000000000000e+00 -7.500000000000000000e-01
1.000000000000000000e+00 -6.875000000000000000e-01
1.000000000000000000e+00 -6.250000000000000000e-01
1.000000000000000000e+00 -5.625000000000000000e-01
1.000000000000000000e+00 -5.000000000000000000e-01
1.000000000000000000e+00 -4.375000000000000000e-01
1.000000000000000000e+00 -3.750000000000000000e-01
1.000000000000000000e+00 -3.125000000000000000e-01
1.000000000000000000e+00 -2.500000000000000000e-01
1.000000000000000000e+00 -1.875000000000000000e-01
1.000000000000000000e+00 -1.250000000000000000e-01
1.000000000000000000e+00 -6.250000000000000000e-02
9.375000000000000000e-01 0.000000000000000000e+00
8.750000000000000000e-01 0.000000000000000000e+00
8.125000000000000000e-01 0.000000000000000000e+00
7.500000000000000000e-01 0.000000000000000000e+00
6.875000000000000000e-01 0.000000000000000000e+00
6.250000000000000000e-01 0.000000000000000000e+00
5.625000000000000000e-01 0.000000000000000000e+00
5.000000000000000000e-01 0.000000000000000000e+00
4.375000000000000000e-01 0.000000000000000000e+00
3.750000000000000000e-01 0.000000000000000000e+00
3.125000000000000000e-01 0.000000000000000000e+00
2.500000000000000000e-01 0.000000000000000000e+00
1.875000000000000000e-01 0.000000000000000000e+00
1.250000000000000000e-01 0.000000000000000000e+00
-8.779764175415039062e-05 3.335999250411987305e-01
-1.483142375946044922e-03 6.432609558105468750e-01
9.980939626693725586e-01 -4.431366920471191406e-01
6.095767021179199219e-03 -2.605915069580078125e-04
-1.872510313987731934e-01 -9.958177208900451660e-01
3.102202415466308594e-01 -9.974660277366638184e-01
-9.978054761886596680e-01 -4.375498294830322266e-01
-9.973996281623840332e-01 -3.220688700675964355e-01
-9.980632662773132324e-01 -3.087180852890014648e-02
9.256237745285034180e-01 -9.996308684349060059e-01
9.990929365158081055e-01 -5.433863401412963867e-02
-8.837352395057678223e-01 9.992338418960571289e-01
6.013004779815673828e-01 -1.013934612274169922e-03
9.979991912841796875e-01 -3.157635331153869629e-01
5.322933197021484375e-01 -9.969671368598937988e-01
0.000000000000000000e+00 6.250000000000000000e-02
0.000000000000000000e+00 1.250000000000000000e-01
0.000000000000000000e+00 1.875000000000000000e-01
0.000000000000000000e+00 2.500000000000000000e-01
0.000000000000000000e+00 3.125000000000000000e-01
0.000000000000000000e+00 3.750000000000000000e-01
0.000000000000000000e+00 4.375000000000000000e-01
0.000000000000000000e+00 5.000000000000000000e-01
0.000000000000000000e+00 5.625000000000000000e-01
0.000000000000000000e+00 6.250000000000000000e-01
0.000000000000000000e+00 6.875000000000000000e-01
0.000000000000000000e+00 7.500000000000000000e-01
0.000000000000000000e+00 8.125000000000000000e-01
0.000000000000000000e+00 8.750000000000000000e-01
0.000000000000000000e+00 9.375000000000000000e-01
-6.250000000000000000e-02 1.000000000000000000e+00
-1.250000000000000000e-01 1.000000000000000000e+00
-1.875000000000000000e-01 1.000000000000000000e+00
-2.500000000000000000e-01 1.000000000000000000e+00
-3.125000000000000000e-01 1.000000000000000000e+00
-3.750000000000000000e-01 1.000000000000000000e+00
-4.375000000000000000e-01 1.000000000000000000e+00
-5.000000000000000000e-01 1.000000000000000000e+00
-5.625000000000000000e-01 1.000000000000000000e+00
-6.250000000000000000e-01 1.000000000000000000e+00
-6.875000000000000000e-01 1.000000000000000000e+00
-7.500000000000000000e-01 1.000000000000000000e+00
-8.125000000000000000e-01 1.000000000000000000e+00
-8.750000000000000000e-01 1.000000000000000000e+00
-9.375000000000000000e-01 1.000000000000000000e+00
-1.000000000000000000e+00 1.000000000000000000e+00
-1.000000000000000000e+00 9.375000000000000000e-01
-1.000000000000000000e+00 8.750000000000000000e-01
-1.000000000000000000e+00 8.125000000000000000e-01
-1.000000000000000000e+00 7.500000000000000000e-01
-1.000000000000000000e+00 6.875000000000000000e-01
-1.000000000000000000e+00 6.250000000000000000e-01
-1.000000000000000000e+00 5.625000000000000000e-01
-1.000000000000000000e+00 5.000000000000000000e-01
-1.000000000000000000e+00 4.375000000000000000e-01
-1.000000000000000000e+00 3.750000000000000000e-01
-1.000000000000000000e+00 3.125000000000000000e-01
-1.000000000000000000e+00 2.500000000000000000e-01
-1.000000000000000000e+00 1.875000000000000000e-01
-1.000000000000000000e+00 1.250000000000000000e-01
-1.000000000000000000e+00 6.250000000000000000e-02
-1.000000000000000000e+00 -6.250000000000000000e-02
-1.000000000000000000e+00 -1.250000000000000000e-01
-1.000000000000000000e+00 -1.875000000000000000e-01
-1.000000000000000000e+00 -2.500000000000000000e-01
-1.000000000000000000e+00 -3.125000000000000000e-01
-1.000000000000000000e+00 -3.750000000000000000e-01
-1.000000000000000000e+00 -4.375000000000000000e-01
-1.000000000000000000e+00 -5.000000000000000000e-01
-1.000000000000000000e+00 -5.625000000000000000e-01
-1.000000000000000000e+00 -6.250000000000000000e-01
-1.000000000000000000e+00 -6.875000000000000000e-01
-1.000000000000000000e+00 -7.500000000000000000e-01
-1.000000000000000000e+00 -8.125000000000000000e-01
-1.000000000000000000e+00 -8.750000000000000000e-01
-1.000000000000000000e+00 -1.000000000000000000e+00
-9.375000000000000000e-01 -1.000000000000000000e+00
-8.750000000000000000e-01 -1.000000000000000000e+00
-8.125000000000000000e-01 -1.000000000000000000e+00
-7.500000000000000000e-01 -1.000000000000000000e+00
-6.875000000000000000e-01 -1.000000000000000000e+00
-6.250000000000000000e-01 -1.000000000000000000e+00
-5.625000000000000000e-01 -1.000000000000000000e+00
-5.000000000000000000e-01 -1.000000000000000000e+00
-4.375000000000000000e-01 -1.000000000000000000e+00
-3.750000000000000000e-01 -1.000000000000000000e+00
-3.125000000000000000e-01 -1.000000000000000000e+00
-2.500000000000000000e-01 -1.000000000000000000e+00
-1.875000000000000000e-01 -1.000000000000000000e+00
-1.250000000000000000e-01 -1.000000000000000000e+00
-6.250000000000000000e-02 -1.000000000000000000e+00
6.250000000000000000e-02 -1.000000000000000000e+00
1.250000000000000000e-01 -1.000000000000000000e+00
1.875000000000000000e-01 -1.000000000000000000e+00
2.500000000000000000e-01 -1.000000000000000000e+00
3.125000000000000000e-01 -1.000000000000000000e+00
3.750000000000000000e-01 -1.000000000000000000e+00
4.375000000000000000e-01 -1.000000000000000000e+00
5.000000000000000000e-01 -1.000000000000000000e+00
5.625000000000000000e-01 -1.000000000000000000e+00
6.250000000000000000e-01 -1.000000000000000000e+00
6.875000000000000000e-01 -1.000000000000000000e+00
7.500000000000000000e-01 -1.000000000000000000e+00
8.125000000000000000e-01 -1.000000000000000000e+00
8.750000000000000000e-01 -1.000000000000000000e+00
9.375000000000000000e-01 -1.000000000000000000e+00
1.000000000000000000e+00 -9.375000000000000000e-01
1.000000000000000000e+00 -8.750000000000000000e-01
1.000000000000000000e+00 -8.125000000000000000e-01
1.000000000000000000e+00 -7.500000000000000000e-01
1.000000000000000000e+00 -6.875000000000000000e-01
1.000000000000000000e+00 -6.250000000000000000e-01
1.000000000000000000e+00 -5.625000000000000000e-01
1.000000000000000000e+00 -5.000000000000000000e-01
1.000000000000000000e+00 -4.375000000000000000e-01
1.000000000000000000e+00 -3.750000000000000000e-01
1.000000000000000000e+00 -3.125000000000000000e-01
1.000000000000000000e+00 -2.500000000000000000e-01
1.000000000000000000e+00 -1.875000000000000000e-01
1.000000000000000000e+00 -1.250000000000000000e-01
1.000000000000000000e+00 -6.250000000000000000e-02
9.375000000000000000e-01 0.000000000000000000e+00
8.750000000000000000e-01 0.000000000000000000e+00
8.125000000000000000e-01 0.000000000000000000e+00
7.500000000000000000e-01 0.000000000000000000e+00
6.875000000000000000e-01 0.000000000000000000e+00
6.250000000000000000e-01 0.000000000000000000e+00
5.625000000000000000e-01 0.000000000000000000e+00
5.000000000000000000e-01 0.000000000000000000e+00
4.375000000000000000e-01 0.000000000000000000e+00
3.750000000000000000e-01 0.000000000000000000e+00
3.125000000000000000e-01 0.000000000000000000e+00
2.500000000000000000e-01 0.000000000000000000e+00
1.875000000000000000e-01 0.000000000000000000e+00
1.250000000000000000e-01 0.000000000000000000e+00
-1.160115003585815430e-01 -5.387693643569946289e-01
9.194349050521850586e-01 -2.244764566421508789e-01
-9.341806173324584961e-01 -2.467973232269287109e-01
-5.338221788406372070e-02 4.069645404815673828e-01
-9.844145774841308594e-01 -5.203928947448730469e-01
4.078054428100585938e-01 -7.518914937973022461e-01
-2.011734247207641602e-02 -3.137899041175842285e-01
-3.679464459419250488e-01 -9.444919228553771973e-01
-5.746865272521972656e-02 1.091325283050537109e-01
-5.923688411712646484e-01 -1.539090871810913086e-01
-9.808629751205444336e-02 -5.323016643524169922e-01
-9.691457748413085938e-01 -6.875877380371093750e-01
9.010748863220214844e-01 -3.853071331977844238e-01
1.641345024108886719e-02 -1.893714666366577148e-01
-1.445444822311401367e-01 1.480833292007446289e-01
-4.048098325729370117e-01 -4.305933713912963867e-01
-6.852881312370300293e-01 1.186488866806030273e-01
5.407438278198242188e-01 -4.327676296234130859e-01
-7.941155433654785156e-01 -1.151623129844665527e-01
-6.944365501403808594e-01 -5.502367019653320312e-01
-7.948500514030456543e-01 -5.445520877838134766e-01
9.284938573837280273e-01 -3.786994218826293945e-01
1.869611740112304688e-01 -7.291196584701538086e-01
7.650468349456787109e-01 -7.247856855392456055e-01
6.189728975296020508e-01 -9.000343680381774902e-01
-5.924200415611267090e-01 1.495217084884643555e-01
7.682412862777709961e-01 -7.868934273719787598e-01
5.176472663879394531e-01 -1.365800499916076660e-01
-1.684970259666442871e-01 7.023684978485107422e-01
-9.683573246002197266e-02 8.860206604003906250e-02
-8.076357841491699219e-01 6.400891542434692383e-01
-8.604216575622558594e-01 1.527096033096313477e-01
5.736224651336669922e-01 -4.252809286117553711e-01
1.130023002624511719e-01 -4.422006011009216309e-01
-6.253833174705505371e-01 8.277237415313720703e-02
-8.532443046569824219e-01 -4.567918777465820312e-01
3.657293319702148438e-01 -9.835496544837951660e-01
-5.215752720832824707e-01 4.024945497512817383e-01
8.948657512664794922e-01 -9.586766958236694336e-01
-1.649781465530395508e-01 -7.280555367469787598e-01
-6.771311759948730469e-01 8.938028812408447266e-01
-6.805181503295898438e-03 7.076692581176757812e-02
9.827060699462890625e-01 -8.716446161270141602e-01
-8.779764175415039062e-05 3.335999250411987305e-01
-1.168719530105590820e-01 -8.805410861968994141e-01
-8.287950158119201660e-01 -8.710976839065551758e-01
5.534743070602416992e-01 -3.953486680984497070e-01
4.907631874084472656e-01 -4.496655464172363281e-01
-3.426915407180786133e-01 -5.237274169921875000e-01
9.026486873626708984e-01 -8.302428126335144043e-01
-7.958530187606811523e-01 -2.145838737487792969e-01
-9.029437899589538574e-01 5.516564846038818359e-02
3.555482625961303711e-01 -4.113002419471740723e-01
-5.763820409774780273e-01 -1.411110162734985352e-02
7.200744152069091797e-01 -8.179204463958740234e-01
-1.884079575538635254e-01 -5.370609760284423828e-01
-4.341941475868225098e-01 9.737740755081176758e-01
-2.552979588508605957e-01 2.176973819732666016e-01
-2.216344475746154785e-01 2.978266477584838867e-01
8.681048154830932617e-01 -5.227035880088806152e-01
-1.688435673713684082e-01 -5.067002773284912109e-02
7.798974514007568359e-01 -9.194763302803039551e-01
-6.947220563888549805e-01 1.709219217300415039e-01
-1.058744192123413086e-01 -5.347906947135925293e-01
2.226786613464355469e-01 -3.400074243545532227e-01
-3.486801981925964355e-01 4.116927385330200195e-01
-3.251944184303283691e-01 3.310467004776000977e-01
7.206989526748657227e-01 -6.287524104118347168e-01
-1.871754527091979980e-01 -8.005490303039550781e-01
6.130039691925048828e-02 -4.294060468673706055e-01
-1.701742410659790039e-01 7.228142023086547852e-01
-2.445726394653320312e-01 3.120511770248413086e-01
-5.291864871978759766e-01 -4.384248256683349609e-01
-3.886310458183288574e-01 3.619164228439331055e-01
-5.407852530479431152e-01 -5.488877296447753906e-01
-4.513949155807495117e-01 -5.472790002822875977e-01
-4.991566538810729980e-01 8.525614738464355469e-01
4.323884248733520508e-01 -8.390833735466003418e-01
-7.547102570533752441e-01 -1.767460703849792480e-01
-9.554709792137145996e-01 2.628011703491210938e-01
-6.256115436553955078e-01 6.457676887512207031e-01
9.721909761428833008e-01 -2.332646250724792480e-01
7.064262628555297852e-01 -4.347904324531555176e-01
-9.918696880340576172e-01 2.486780881881713867e-01
8.428726196289062500e-01 -5.548576116561889648e-01
3.138577938079833984e-02 -1.930048465728759766e-01
-2.104796767234802246e-01 2.881499528884887695e-01
-8.871335983276367188e-01 5.307165384292602539e-01
-5.675051212310791016e-01 -1.146245002746582031e-02
6.413710117340087891e-02 -2.958806157112121582e-01
-8.548465967178344727e-01 -4.289147853851318359e-01
-1.355639696121215820e-01 -2.057992219924926758e-01
-2.905605435371398926e-01 3.081022500991821289e-01
-2.436044812202453613e-01 -7.885152101516723633e-02
4.918813705444335938e-03 -1.716096997261047363e-01
-9.033674597740173340e-01 -9.097784161567687988e-01
4.449532032012939453e-01 -3.942489624023437500e-01
-3.091788291931152344e-01 -3.546732664108276367e-01
-9.632666707038879395e-01 -7.849299907684326172e-01
-1.180993914604187012e-01 9.075455665588378906e-01
6.697582006454467773e-01 -3.795750141143798828e-01
6.344633102416992188e-01 -8.036982417106628418e-01
6.557157039642333984e-01 -6.088873147964477539e-01
-5.899639129638671875e-01 -1.494354009628295898e-01
-6.619045138359069824e-01 -9.192774295806884766e-01
-2.957767248153686523e-02 -3.990022540092468262e-01
-4.789665341377258301e-01 -9.170019626617431641e-01
-4.281268119812011719e-01 -3.543395996093750000e-01
-3.546753525733947754e-01 1.581841707229614258e-01
5.418884754180908203e-02 -5.356864333152770996e-01
-1.742107868194580078e-01 -8.534456491470336914e-01
-1.055850386619567871e-01 3.053641319274902344e-02
3.406732082366943359e-01 -1.307319402694702148e-01
5.457901954650878906e-01 -5.933505892753601074e-01
-7.836811542510986328e-01 7.956181764602661133e-01
-8.580405116081237793e-01 6.873646974563598633e-01
-1.483142375946044922e-03 6.432609558105468750e-01
8.940144777297973633e-01 -2.503414750099182129e-01
-5.728654861450195312e-01 9.367281198501586914e-01
6.180623769760131836e-01 -5.808682441711425781e-01
5.959106683731079102e-01 -4.591724872589111328e-01
-8.592001199722290039e-01 4.989778995513916016e-01
-3.634956479072570801e-01 -7.976170778274536133e-01
7.546263933181762695e-01 -2.873520851135253906e-01
8.516477346420288086e-01 -7.910491228103637695e-01
-3.793657422065734863e-01 5.567504167556762695e-01
-1.423884034156799316e-01 8.347046375274658203e-01
1.425129175186157227e-01 -7.379913330078125000e-01
1.920727491378784180e-01 -8.246635198593139648e-01
-9.925704598426818848e-01 1.453599929809570312e-01
-6.004035472869873047e-03 -5.524687170982360840e-01
-1.528826951980590820e-01 4.162728786468505859e-02
2.269066572189331055e-01 -4.315832853317260742e-01
2.234835624694824219e-01 -2.422770857810974121e-01
-6.337105035781860352e-01 -8.533287048339843750e-02
-8.477318286895751953e-02 8.871406316757202148e-01
-3.524757027626037598e-01 -2.153994441032409668e-01
-9.798009991645812988e-01 2.242076396942138672e-02
-9.734128117561340332e-01 -9.434179067611694336e-01
4.062314033508300781e-01 -2.234352231025695801e-01
-7.810275554656982422e-01 9.729382991790771484e-01
5.688232183456420898e-01 -3.864665627479553223e-01
2.390754222869873047e-02 -2.442686557769775391e-01
9.364824295043945312e-01 -2.586171030998229980e-01
-5.641112327575683594e-01 8.609604835510253906e-01
-5.930507183074951172e-02 7.406564950942993164e-01
-4.147052764892578125e-01 -7.890318036079406738e-01
9.064006805419921875e-01 -9.959485530853271484e-01
2.806268930435180664e-01 -4.561907052993774414e-02
-6.388092041015625000e-02 2.667008638381958008e-01
7.944351434707641602e-01 -4.238064885139465332e-01
-3.889828920364379883e-02 7.786798477172851562e-02
-3.855949640274047852e-01 -7.003186941146850586e-01
-1.069029569625854492e-01 -2.842631936073303223e-01
4.301980733871459961e-01 -2.933233976364135742e-01
-8.615044355392456055e-01 7.227253913879394531e-01
-4.180236458778381348e-01 -7.027115821838378906e-01
-4.636214971542358398e-01 5.808641910552978516e-01
-4.126912951469421387e-01 -2.556028366088867188e-01
-5.949547886848449707e-01 -7.232549786567687988e-01
-7.985360622406005859e-01 -5.231455564498901367e-01
-3.486951589584350586e-01 -1.022362709045410156e-02
-2.643363475799560547e-01 1.484119892120361328e-01
-8.740184307098388672e-01 6.639301776885986328e-02
-2.228658199310302734e-01 9.504224061965942383e-01
2.862890958786010742e-01 -9.018904566764831543e-01
1.510564088821411133e-01 -2.677197456359863281e-01
2.600557804107666016e-01 -4.946983456611633301e-01
-8.712514638900756836e-01 1.188663244247436523e-01
6.770184040069580078e-01 -4.131525754928588867e-02
4.439027309417724609e-01 -8.453628420829772949e-01
3.010317087173461914e-01 -8.736763596534729004e-01
3.484362363815307617e-01 -4.977610111236572266e-01
-1.396511197090148926e-01 1.666516065597534180e-01
-7.416205406188964844e-01 -6.783456802368164062e-01
2.837041616439819336e-01 -5.955509543418884277e-01
-6.674290895462036133e-01 3.928331136703491211e-01
-3.609336018562316895e-01 1.681450605392456055e-01
1.755139827728271484e-01 -5.549434423446655273e-01
3.611102104187011719e-01 -6.855669617652893066e-01
-4.457362294197082520e-01 -6.454775333404541016e-01
-9.571523070335388184e-01 -1.858574151992797852e-01
5.123969316482543945e-01 -5.121261477470397949e-01
-3.323273062705993652e-01 -3.215712308883666992e-02
-5.930741429328918457e-01 1.209686994552612305e-01
-1.097603440284729004e-01 4.212629795074462891e-01
-3.656917214393615723e-01 -3.146890401840209961e-01
-4.536876082420349121e-01 -9.330368638038635254e-01
-2.018791437149047852e-01 -6.905858516693115234e-01
2.283613681793212891e-01 -8.584557771682739258e-01
6.133636236190795898e-01 -6.378850340843200684e-01
-7.823316454887390137e-01 -3.005663156509399414e-01
-1.437693834304809570e-02 -1.493761539459228516e-01
3.816819190979003906e-02 -5.354404449462890625e-03
-1.800379753112792969e-01 -7.551147341728210449e-01
9.706783294677734375e-02 -5.101757049560546875e-01
7.560291290283203125e-01 -9.076463580131530762e-01
-7.142434716224670410e-01 -7.954335808753967285e-01
3.033849000930786133e-01 -3.811860680580139160e-01
8.398411273956298828e-01 -4.338663816452026367e-02
5.047441720962524414e-01 -8.364100456237792969e-01
1.737236976623535156e-03 -8.052435517311096191e-01
-9.518843889236450195e-01 -4.190802574157714844e-03
-6.900186538696289062e-01 -8.084018826484680176e-01
-6.774710416793823242e-01 9.564716815948486328e-01
-9.694898724555969238e-01 7.959496974945068359e-02
3.736431598663330078e-01 -2.046416401863098145e-01
-5.075147151947021484e-01 6.225581169128417969e-01
-8.163328766822814941e-01 -3.753352761268615723e-01
-7.373712658882141113e-01 -7.566442489624023438e-01
-8.848314285278320312e-01 2.820566892623901367e-01
6.151013374328613281e-01 -1.655682325363159180e-01
7.953001260757446289e-01 -3.209807276725769043e-01
-2.790036201477050781e-01 -2.386762499809265137e-01
-8.676999807357788086e-02 -4.079932570457458496e-01
-4.111154079437255859e-01 -4.071670174598693848e-01
-8.016837239265441895e-01 -9.009826183319091797e-02
-9.242384433746337891e-01 -5.971847772598266602e-01
-2.010595798492431641e-01 -4.881883859634399414e-01
-3.454942107200622559e-01 -8.534496426582336426e-01
-8.510827422142028809e-01 -9.689865708351135254e-01
-7.045333385467529297e-01 -7.056913971900939941e-01
-4.601182341575622559e-01 -7.747812271118164062e-01
-2.844393253326416016e-02 -5.266981124877929688e-01
-1.972239613533020020e-01 -8.208867311477661133e-01
-5.945892333984375000e-01 7.215082645416259766e-01
9.223384857177734375e-01 -4.024747610092163086e-01
-2.387387752532958984e-01 -8.400754332542419434e-01
1.626652479171752930e-01 -2.119772434234619141e-01
1.864613294601440430e-01 -9.862391352653503418e-01
2.833677530288696289e-01 -1.493986248970031738e-01
9.588036537170410156e-01 -2.959154844284057617e-01
1.514724493026733398e-01 -2.864015698432922363e-01
-2.507968544960021973e-01 -4.139006733894348145e-01
-2.159327268600463867e-02 -9.883238673210144043e-01
9.004164934158325195e-01 -9.712597727775573730e-01
5.095887184143066406e-01 -8.076226711273193359e-02
-6.603598594665527344e-03 -1.863764524459838867e-01
-9.504678249359130859e-01 5.837275981903076172e-01
-8.782798051834106445e-01 1.866660118103027344e-01
-9.792983531951904297e-01 -1.261479258537292480e-01
4.781459569931030273e-01 -2.493507862091064453e-01
3.711563348770141602e-01 -3.881700038909912109e-01
-1.691687107086181641e-02 3.849971294403076172e-02
4.143376350402832031e-01 -1.184655427932739258e-01
-5.071069598197937012e-01 4.257816076278686523e-01
8.616662025451660156e-01 -4.891204833984375000e-01
-2.308554053306579590e-01 -1.240926384925842285e-01
-4.106122255325317383e-02 3.073272705078125000e-01
8.537820577621459961e-01 -9.372321367263793945e-01
-5.912887454032897949e-01 -1.655672192573547363e-01
-8.317880630493164062e-01 8.210115432739257812e-01
1.394302845001220703e-01 -3.472566604614257812e-03
-2.520865797996520996e-01 -2.555209398269653320e-01
-4.420040249824523926e-01 3.070098161697387695e-01
-7.671740055084228516e-01 6.942175626754760742e-01
-7.240667343139648438e-01 3.384900093078613281e-01
8.155548572540283203e-02 -2.987958192825317383e-01
-3.228884339332580566e-01 4.803124666213989258e-01
-8.711373805999755859e-01 1.610820293426513672e-01
-8.511972427368164062e-02 4.839320182800292969e-01
4.108572006225585938e-01 -8.569434881210327148e-01
1.848255395889282227e-01 -2.222600579261779785e-01
-7.423906326293945312e-01 -2.945158481597900391e-01
-1.817073225975036621e-01 9.471678733825683594e-01
-8.347368240356445312e-01 4.930460453033447266e-02
4.248528480529785156e-01 -1.050388813018798828e-02
-2.306930422782897949e-01 9.749165773391723633e-01
-3.622618913650512695e-01 6.827912330627441406e-01
6.569731235504150391e-01 -5.804406404495239258e-01
-9.308477044105529785e-01 7.647446393966674805e-01
-8.328155875205993652e-01 -3.754109144210815430e-01
-4.125481843948364258e-02 -5.153760910034179688e-01
-2.069587111473083496e-01 -6.935346126556396484e-01
9.835917949676513672e-01 -8.969664573669433594e-03
-2.143656015396118164e-01 -1.835927963256835938e-01
-7.069997787475585938e-01 8.238331079483032227e-01
-2.993165850639343262e-01 -5.538139343261718750e-01
1.210416555404663086e-01 -1.808994412422180176e-01
-3.339498043060302734e-01 -5.195686817169189453e-01
-2.452576160430908203e-02 -2.428354024887084961e-01
-6.519424915313720703e-01 5.679360628128051758e-01
-2.573775649070739746e-01 -3.180909156799316406e-02
-4.420858025550842285e-01 7.907831668853759766e-01
-1.474584937095642090e-01 -5.501102209091186523e-01
-3.422385454177856445e-02 -1.289635896682739258e-02
-4.627017974853515625e-01 -2.550032138824462891e-01
-3.091078996658325195e-01 8.202713727951049805e-01
-4.326416850090026855e-01 3.610810041427612305e-01
4.687576293945312500e-01 -3.077861666679382324e-01
3.347692489624023438e-01 -4.506959319114685059e-01
-7.910740375518798828e-01 2.969946861267089844e-01
-3.600072860717773438e-01 -5.363251566886901855e-01
-6.871054172515869141e-01 8.225207328796386719e-01
-5.985472202301025391e-01 1.029005050659179688e-01
9.954020977020263672e-01 -7.874417901039123535e-01
4.353088140487670898e-01 -3.236145377159118652e-01
-1.219113469123840332e-01 -3.378760218620300293e-01
-4.024605751037597656e-01 -1.320074796676635742e-01
-7.062689065933227539e-01 -5.808280706405639648e-01
-2.850928902626037598e-01 -8.589466214179992676e-01
-8.386355638504028320e-01 -7.062048912048339844e-01
-5.193400979042053223e-01 -6.551700830459594727e-01
-3.475559949874877930e-01 8.725677728652954102e-01
9.863078594207763672e-01 -9.498099088668823242e-01
9.348405599594116211e-01 -7.795723676681518555e-01
-5.259253382682800293e-01 6.411606073379516602e-01
-8.054769039154052734e-02 -8.544855117797851562e-01
9.529176950454711914e-01 -5.280905961990356445e-01
-9.152646064758300781e-01 -5.997729301452636719e-02
-3.338867425918579102e-01 -8.194408416748046875e-01
-8.877082467079162598e-01 -3.796762228012084961e-01
2.693133354187011719e-01 -8.520768284797668457e-01
2.881014347076416016e-02 -1.194145679473876953e-01
-3.557664752006530762e-01 5.911728143692016602e-01
-4.471445083618164062e-01 -2.588707208633422852e-02
-3.200671672821044922e-01 -9.807962775230407715e-01
2.997303009033203125e-02 -1.165497899055480957e-01
-1.168251037597656250e-04 -4.660266041755676270e-01
-1.468377709388732910e-01 8.293563127517700195e-01
-5.670149326324462891e-01 -5.527794957160949707e-01
6.683442592620849609e-01 -2.722710967063903809e-01
-7.632010579109191895e-01 8.219155073165893555e-01
-3.753216266632080078e-01 1.303349733352661133e-01
-6.257414817810058594e-03 -9.668895006179809570e-01
-2.890079021453857422e-01 -8.946943283081054688e-01
-6.746340394020080566e-01 -8.942421078681945801e-01
6.107687950134277344e-02 -3.969365954399108887e-01
5.853891372680664062e-01 -3.956407904624938965e-01
-4.155073165893554688e-01 -5.169279575347900391e-01
-4.762743115425109863e-01 9.134657382965087891e-01
7.042924165725708008e-01 -1.232963800430297852e-02
-2.289384007453918457e-01 3.592427968978881836e-01
-6.062084436416625977e-02 1.590967178344726562e-03
-9.636505842208862305e-01 5.869733095169067383e-01
5.264060497283935547e-01 -2.551394701004028320e-01
-6.890027523040771484e-01 -4.399026632308959961e-01
-9.356274604797363281e-01 1.250187158584594727e-01
2.028627395629882812e-01 -1.994150876998901367e-02
-4.447418451309204102e-01 -5.825655460357666016e-01
-5.380343198776245117e-01 -5.485676527023315430e-01
3.628929853439331055e-01 -3.119903802871704102e-01
-6.053438186645507812e-01 9.977102279663085938e-03
8.339861631393432617e-01 -2.778827548027038574e-01
4.862188100814819336e-01 -1.360402107238769531e-01
-3.199978470802307129e-01 -2.771083712577819824e-01
-2.306625843048095703e-01 -1.161378622055053711e-02
-9.626668691635131836e-02 -6.009993553161621094e-01
-1.681324243545532227e-01 -7.545751333236694336e-01
-8.198534250259399414e-01 3.941019773483276367e-01
-4.144902229309082031e-01 -3.242482542991638184e-01
-5.020672082901000977e-01 -1.806777715682983398e-01
5.166364908218383789e-01 -3.311825990676879883e-01
-4.167791008949279785e-01 3.191639184951782227e-01
3.620960712432861328e-01 -5.020381212234497070e-01
-7.473617792129516602e-01 -4.671987891197204590e-01
1.783026456832885742e-01 -2.049098014831542969e-01
-8.905290365219116211e-01 1.846015453338623047e-01
2.372430562973022461e-01 -4.171056151390075684e-01
-7.545688748359680176e-01 -8.340437412261962891e-01
-9.437336325645446777e-01 5.138490200042724609e-01
2.896717786788940430e-01 -6.257318854331970215e-01
7.698534727096557617e-01 -3.220828771591186523e-01
4.062318801879882812e-01 -9.090684056282043457e-01
-4.665831327438354492e-01 -6.167925596237182617e-01
-5.841851234436035156e-01 -9.484699964523315430e-01
-2.822281122207641602e-01 8.414717912673950195e-01
-2.973396182060241699e-01 1.387250423431396484e-02
5.933666229248046875e-02 -1.447786688804626465e-01
-1.459228396415710449e-01 -1.757351756095886230e-01
-4.364907145500183105e-01 8.832774162292480469e-01
7.962536811828613281e-01 -2.862038016319274902e-01
-2.090734243392944336e-01 1.822133064270019531e-01
6.094073057174682617e-01 -7.167015075683593750e-01
-9.916904568672180176e-01 6.667017936706542969e-01
-3.078697919845581055e-01 4.216380119323730469e-01
-3.905035257339477539e-01 -1.327033042907714844e-01
2.475162744522094727e-01 -6.567156314849853516e-01
4.556776285171508789e-01 -2.740689516067504883e-01
-2.515956759452819824e-01 -1.044165492057800293e-01
3.119140863418579102e-01 -4.288256764411926270e-01
-2.267706394195556641e-02 1.621818542480468750e-01
-7.682304382324218750e-01 -9.807151556015014648e-01
-4.072527885437011719e-01 6.406738758087158203e-01
3.397895097732543945e-01 -4.547317624092102051e-01
-1.866732239723205566e-01 -5.540236830711364746e-01
-6.138759851455688477e-02 -2.923771739006042480e-01
-5.444187521934509277e-01 -8.551469445228576660e-01
-6.299432516098022461e-01 6.237074136734008789e-01
-7.616277933120727539e-01 -5.540307760238647461e-01
4.267838001251220703e-01 -7.225791215896606445e-01
-2.308546900749206543e-01 5.649912357330322266e-02
-7.658455967903137207e-01 5.112540721893310547e-01
9.894177913665771484e-01 -5.956923961639404297e-01
-7.394168376922607422e-01 5.026553869247436523e-01
-6.192921996116638184e-01 1.866211891174316406e-01
7.857041358947753906e-01 -7.110917568206787109e-01
-7.674256563186645508e-01 -3.380448222160339355e-01
5.629813671112060547e-02 -5.652288198471069336e-01
-8.563326597213745117e-01 -9.128790497779846191e-01
-3.226624727249145508e-01 2.109597921371459961e-01
-2.501564621925354004e-01 8.873763084411621094e-01
5.282951593399047852e-01 -9.891316890716552734e-01
-9.845958352088928223e-01 -6.028735041618347168e-01
-7.581151723861694336e-01 5.068980455398559570e-01
2.968730926513671875e-01 -3.609329462051391602e-02
4.951540231704711914e-01 -9.256712794303894043e-01
2.693909406661987305e-01 -3.404412269592285156e-01
-3.313436508178710938e-01 -8.584505319595336914e-01
9.980939626693725586e-01 -4.431366920471191406e-01
1.718386411666870117e-01 -3.477210402488708496e-01
-6.649701595306396484e-01 1.492440700531005859e-01
9.792064428329467773e-01 -6.992143392562866211e-01
-6.647914648056030273e-02 -6.088711023330688477e-01
-9.910978078842163086e-01 3.484436273574829102e-01
5.325886011123657227e-01 -5.535240173339843750e-01
6.275439262390136719e-02 -6.388512253761291504e-01
9.353687763214111328e-01 -9.664947986602783203e-01
9.593296051025390625e-02 -4.693781137466430664e-01
8.258326053619384766e-01 -5.072894096374511719e-01
4.589964151382446289e-01 -6.860423684120178223e-01
-9.129099845886230469e-01 6.750912666320800781e-01
-9.228866696357727051e-01 -2.783058881759643555e-01
9.856612682342529297e-01 -7.286931872367858887e-01
2.013559341430664062e-01 -5.080051422119140625e-01
-7.808374166488647461e-01 -4.275158047676086426e-01
-7.063921689987182617e-01 8.586826324462890625e-01
-8.986095190048217773e-01 -8.073537349700927734e-01
2.908601760864257812e-01 -2.437462806701660156e-01
-1.816463470458984375e-01 1.872186660766601562e-01
4.982475042343139648e-01 -9.643585085868835449e-01
-2.128170132637023926e-01 3.364424705505371094e-01
8.570728302001953125e-01 -6.579877734184265137e-01
3.259618282318115234e-01 -4.423844218254089355e-01
-3.626133203506469727e-01 -7.737690210342407227e-02
4.613023996353149414e-01 -6.583538651466369629e-01
-5.923136472702026367e-01 -9.081169366836547852e-01
-2.722816467285156250e-01 -2.216202020645141602e-02
-9.604958295822143555e-01 2.018139362335205078e-01
6.733837127685546875e-01 -6.912698745727539062e-01
-5.188237428665161133e-01 -2.696491479873657227e-01
2.623866796493530273e-01 -8.782517910003662109e-01
-2.381215691566467285e-01 4.726767539978027344e-03
-8.491752147674560547e-01 9.040054082870483398e-01
-4.192294478416442871e-01 -7.033427357673645020e-01
-6.362089514732360840e-01 -4.681005477905273438e-01
-2.667066454887390137e-01 8.255070447921752930e-01
6.866618394851684570e-01 -7.451828718185424805e-01
2.899116277694702148e-01 -1.951670050621032715e-01
-8.041901588439941406e-01 9.530297517776489258e-01
-6.341816186904907227e-01 -2.135137319564819336e-01
-4.717132449150085449e-01 2.885901927947998047e-01
6.288675069808959961e-01 -2.845020890235900879e-01
8.468794822692871094e-02 -9.631985425949096680e-01
8.372412919998168945e-01 -3.186699151992797852e-01
-4.702181816101074219e-01 -7.092583179473876953e-01
-3.656422495841979980e-01 -4.961000084877014160e-01
8.017417192459106445e-01 -4.605710506439208984e-01
-4.390993118286132812e-01 3.602803945541381836e-01
-4.024097323417663574e-01 -6.152000427246093750e-01
-1.773650646209716797e-01 -4.709381461143493652e-01
5.949095487594604492e-01 -8.004091382026672363e-01
-2.048661112785339355e-01 -4.188638925552368164e-02
-9.780763983726501465e-01 -7.731528282165527344e-01
-8.289080858230590820e-01 -3.433206081390380859e-01
8.844590187072753906e-01 -5.168805122375488281e-01
9.937033653259277344e-01 -3.087609410285949707e-01
-4.699661135673522949e-01 -7.219613790512084961e-01
-5.201350450515747070e-01 -8.220767974853515625e-01
-5.219135284423828125e-01 1.040037870407104492e-01
-3.113336563110351562e-01 -6.346194744110107422e-01
-1.940227150917053223e-01 -4.626988172531127930e-01
2.968348264694213867e-01 -5.380713343620300293e-01
-6.070666313171386719e-01 9.607790708541870117e-01
3.168447017669677734e-01 -5.811863541603088379e-01
2.162086963653564453e-01 -7.939206361770629883e-01
-4.211267232894897461e-01 5.778053998947143555e-01
-9.718139171600341797e-01 9.962071180343627930e-01
-2.636320590972900391e-01 -4.352284073829650879e-01
-2.693868875503540039e-01 3.777017593383789062e-01
7.743115425109863281e-01 -2.474614381790161133e-01
-6.385807991027832031e-01 5.657703876495361328e-01
-9.946161508560180664e-01 -2.131008505821228027e-01
-9.587920308113098145e-01 5.022201538085937500e-01
-6.449759006500244141e-02 2.309303283691406250e-01
-3.967996239662170410e-01 -5.893206596374511719e-02
-6.363914012908935547e-01 5.384904146194458008e-01
-3.485143184661865234e-02 -7.167907953262329102e-01
-6.803385019302368164e-01 -7.099434137344360352e-01
-9.372511506080627441e-01 9.610736370086669922e-01
-9.665105342864990234e-01 -2.969973087310791016e-01
2.618535757064819336e-01 -3.357104063034057617e-01
9.546381235122680664e-01 -6.549828052520751953e-01
-2.349833846092224121e-01 2.461800575256347656e-01
7.372888326644897461e-01 -2.351608872413635254e-01
-1.041018366813659668e-01 -6.747072935104370117e-02
2.495011091232299805e-01 -1.894541978836059570e-01
6.412255764007568359e-02 -6.148063540458679199e-01
-1.428377628326416016e-02 3.539037704467773438e-02
6.095767021179199219e-03 -2.605915069580078125e-04
8.789838552474975586e-01 -7.267040610313415527e-01
-5.517035722732543945e-01 -9.331989288330078125e-02
-1.794620752334594727e-01 -9.569040536880493164e-01
-1.493616700172424316e-01 -1.285666227340698242e-01
-6.850925683975219727e-01 1.252664327621459961e-01
-4.364340305328369141e-01 1.476413011550903320e-01
4.126464128494262695e-01 -9.199833869934082031e-02
2.287262678146362305e-01 -9.588221311569213867e-01
-1.837142109870910645e-01 8.395780324935913086e-01
2.977916002273559570e-01 -1.612363457679748535e-01
-2.832361459732055664e-01 -8.081910014152526855e-01
-1.872510313987731934e-01 -9.958177208900451660e-01
-5.123442411422729492e-01 -3.107852339744567871e-01
-9.297235608100891113e-01 4.100810289382934570e-01
1.625800132751464844e-02 -6.571128368377685547e-01
-3.189995884895324707e-01 5.235279798507690430e-01
-9.869515895843505859e-03 -2.510209679603576660e-01
9.935096502304077148e-01 -7.942795753479003906e-02
7.208003997802734375e-01 -5.376981496810913086e-01
-9.091495275497436523e-01 -4.498880505561828613e-01
-5.064165592193603516e-01 -9.249092936515808105e-01
-7.493088245391845703e-01 -8.069502115249633789e-01
8.458904027938842773e-01 -2.421494126319885254e-01
3.102202415466308594e-01 -9.974660277366638184e-01
-4.091231226921081543e-01 -1.445150375366210938e-02
-8.217042684555053711e-02 -5.648997426033020020e-01
-8.653697967529296875e-01 -5.449860692024230957e-01
5.649775266647338867e-01 -1.404728293418884277e-01
1.399326324462890625e-02 -3.700177669525146484e-01
-9.378964304924011230e-01 1.755181550979614258e-01
-2.909592390060424805e-01 1.873272657394409180e-01
-5.030486583709716797e-01 -8.152120709419250488e-01
-7.687380909919738770e-01 4.815231561660766602e-01
-6.622693538665771484e-01 -4.740117788314819336e-01
-9.344320893287658691e-01 5.217874050140380859e-02
5.329608917236328125e-01 -2.241596579551696777e-01
-2.630701661109924316e-01 4.161180257797241211e-01
-9.236493110656738281e-01 -1.432650089263916016e-01
-8.755373954772949219e-01 4.150509834289550781e-02
-9.810031056404113770e-01 4.799134731292724609e-01
1.387599706649780273e-01 -1.387293338775634766e-01
-2.746363282203674316e-01 4.253065586090087891e-02
-4.253271818161010742e-01 -6.520081758499145508e-01
-5.566523671150207520e-01 -1.971914172172546387e-01
6.913851499557495117e-01 -3.660998940467834473e-01
-7.693974971771240234e-01 3.758897781372070312e-01
8.237552642822265625e-02 -3.013479709625244141e-01
6.002098321914672852e-01 -4.771316647529602051e-01
1.177800893783569336e-01 -5.658445954322814941e-01
2.615333795547485352e-01 -9.612143039703369141e-01
-6.747857332229614258e-01 -7.265012264251708984e-01
-1.143662333488464355e-01 -5.239626765251159668e-01
4.561413526535034180e-01 -5.103187561035156250e-01
-5.861423015594482422e-01 1.964596509933471680e-01
-5.080807209014892578e-01 -1.911216974258422852e-01
6.416221857070922852e-01 -7.763136625289916992e-01
4.453269243240356445e-01 -2.847117781639099121e-01
6.417782306671142578e-01 -5.970057845115661621e-01
4.025028944015502930e-01 -4.306432604789733887e-01
-5.883617401123046875e-01 -9.167662262916564941e-01
-3.319820165634155273e-01 -3.221465945243835449e-01
-8.004599809646606445e-01 2.748882770538330078e-01
5.902024507522583008e-01 -2.181709408760070801e-01
-1.202430129051208496e-01 -3.683242797851562500e-01
-6.292644739151000977e-01 -3.536566495895385742e-01
-5.724869966506958008e-01 -1.089835166931152344e-01
-4.335296154022216797e-02 -8.050286769866943359e-02
4.616112709045410156e-01 -2.366639971733093262e-01
-2.012155652046203613e-01 -3.319523930549621582e-01
-3.851158022880554199e-01 -7.014430165290832520e-01
2.087017297744750977e-01 -1.471518278121948242e-01
-3.381221890449523926e-01 -4.613109827041625977e-01
4.086935520172119141e-01 -9.684656262397766113e-01
2.868041992187500000e-01 -8.350837230682373047e-01
-1.733207702636718750e-01 -2.039448022842407227e-01
-2.819161415100097656e-01 1.353273391723632812e-01
-1.831646561622619629e-01 7.376528978347778320e-01
-7.953464984893798828e-01 4.072197675704956055e-01
2.195889949798583984e-01 -4.127067327499389648e-02
1.859989166259765625e-01 -3.922273516654968262e-01
-3.715282678604125977e-02 7.624503374099731445e-01
-7.523705959320068359e-01 7.458137273788452148e-01
4.361617565155029297e-02 -7.266715764999389648e-01
-5.541867017745971680e-02 -6.268736720085144043e-01
-8.340802192687988281e-01 -3.604243397712707520e-01
-9.318941831588745117e-01 -9.801110029220581055e-01
-8.563777208328247070e-01 -4.692159891128540039e-01
3.678236007690429688e-01 -3.420180678367614746e-01
-6.681640744209289551e-01 8.282303810119628906e-01
-9.508622288703918457e-01 -7.615009546279907227e-01
-5.870467424392700195e-02 -8.357145786285400391e-01
-7.258284091949462891e-01 -5.741049051284790039e-01
-9.824964404106140137e-01 -9.694237112998962402e-01
-3.933903574943542480e-01 -1.766083240509033203e-01
-9.708991646766662598e-01 6.825674772262573242e-01
-7.029268741607666016e-01 5.892207622528076172e-01
9.926636219024658203e-01 -6.668896675109863281e-01
6.513869762420654297e-02 -9.853965044021606445e-01
6.092176437377929688e-01 -8.993039131164550781e-01
-8.932451009750366211e-01 -8.673314452171325684e-01
-3.637179732322692871e-01 -8.528172969818115234e-01
6.552487611770629883e-01 -7.359969615936279297e-01
-9.731601476669311523e-01 9.251058101654052734e-01
-2.001407742500305176e-01 -4.904603362083435059e-01
-5.798102617263793945e-01 8.109277486801147461e-01
-4.181249141693115234e-01 -5.583271980285644531e-01
-9.019528031349182129e-01 -9.796735644340515137e-01
-3.086890578269958496e-01 9.810556173324584961e-01
-2.287373542785644531e-01 4.783889055252075195e-01
-3.310473561286926270e-01 8.770955801010131836e-01
-1.287459135055541992e-01 7.722396850585937500e-01
-6.000120639801025391e-01 7.640466690063476562e-01
-9.596353769302368164e-01 3.298560380935668945e-01
-2.170039415359497070e-01 -8.960283994674682617e-01
-4.183594584465026855e-01 2.532950639724731445e-01
-9.005116224288940430e-01 -7.596510648727416992e-01
8.778822422027587891e-01 -9.645918607711791992e-01
9.686647653579711914e-01 -6.150760054588317871e-01
-6.514474153518676758e-01 3.208127021789550781e-01
-6.290860176086425781e-01 -5.484274029731750488e-01
-8.686661720275878906e-02 -6.185873746871948242e-01
-6.679478883743286133e-01 -8.384185433387756348e-01
-2.796394228935241699e-01 -8.221523761749267578e-01
9.486116170883178711e-01 -7.873120307922363281e-01
-5.497673749923706055e-01 -2.712159752845764160e-01
-4.926389455795288086e-02 -8.655896186828613281e-01
4.266906976699829102e-01 -7.133170366287231445e-01
-4.705470800399780273e-01 1.374694108963012695e-01
-7.126933336257934570e-01 -7.354658842086791992e-01
9.678363800048828125e-01 -6.528694629669189453e-01
-2.479342222213745117e-01 4.286613464355468750e-01
2.839801311492919922e-01 -3.527520298957824707e-01
-2.581955194473266602e-01 -4.200321435928344727e-01
-9.838521480560302734e-03 -3.896127939224243164e-01
3.672994375228881836e-01 -7.847964763641357422e-02
9.721851348876953125e-02 -7.497132420539855957e-01
-3.694356679916381836e-01 5.331062078475952148e-01
-9.530019760131835938e-01 4.829107522964477539e-01
-8.286408185958862305e-01 8.581023216247558594e-01
7.243862152099609375e-01 -1.678402423858642578e-01
-4.372553825378417969e-01 -9.404188990592956543e-01
-2.740170359611511230e-01 5.014812946319580078e-01
-7.906012535095214844e-01 6.504719257354736328e-01
-9.006526470184326172e-01 -7.166534662246704102e-01
-5.117281675338745117e-01 -8.460198640823364258e-01
1.755087375640869141e-01 -9.300104379653930664e-01
-6.065847873687744141e-01 9.307668209075927734e-01
-7.544000744819641113e-01 9.024388790130615234e-01
-3.071872591972351074e-01 7.937760353088378906e-01
-1.868240833282470703e-01 -4.109448790550231934e-01
6.513000726699829102e-01 -1.883493065834045410e-01
-7.623231410980224609e-01 9.912838935852050781e-01
-3.247499465942382812e-03 -8.959749937057495117e-01
-7.584042549133300781e-01 -6.789225935935974121e-01
6.301697492599487305e-01 -3.721946477890014648e-01
-8.203935623168945312e-01 -7.428938150405883789e-01
8.812134265899658203e-01 -5.231534242630004883e-01
5.995075702667236328e-01 -3.023047447204589844e-01
-9.978054761886596680e-01 -4.375498294830322266e-01
-7.395464181900024414e-01 1.436119079589843750e-01
7.703232765197753906e-02 -9.773396253585815430e-01
-9.579393863677978516e-01 3.147423267364501953e-02
8.672263622283935547e-01 -8.466472029685974121e-01
-5.882956981658935547e-01 6.479308605194091797e-01
4.428124427795410156e-01 -6.306360363960266113e-01
3.943012952804565430e-01 -4.103999733924865723e-01
-5.278000831604003906e-01 2.517993450164794922e-01
8.418958187103271484e-01 -4.922415614128112793e-01
-4.255966544151306152e-01 -2.987813949584960938e-02
7.757513523101806641e-01 -1.080324053764343262e-01
-8.979821205139160156e-01 -2.611549496650695801e-01
4.522593021392822266e-01 -1.049897074699401855e-01
7.873705625534057617e-01 -3.749154806137084961e-01
-7.245397567749023438e-01 -9.397572278976440430e-01
5.744678974151611328e-01 -3.220515251159667969e-01
-6.650426387786865234e-01 5.264556407928466797e-01
-4.178930521011352539e-01 -2.386910915374755859e-01
-2.130919098854064941e-01 5.089745521545410156e-01
-4.498512148857116699e-01 5.257025957107543945e-01
5.519927740097045898e-01 -5.701777935028076172e-01
-7.784783840179443359e-01 3.297432661056518555e-01
-4.187496900558471680e-01 -3.410218358039855957e-01
-5.952022075653076172e-01 -5.626409053802490234e-01
-4.219443798065185547e-01 5.003317594528198242e-01
-7.675997614860534668e-01 7.105152606964111328e-01
-3.428399562835693359e-01 -1.031191945075988770e-01
-7.542643547058105469e-01 6.644160747528076172e-01
6.129541397094726562e-01 -6.033882498741149902e-01
4.765312671661376953e-01 -7.755064964294433594e-02
7.896202802658081055e-01 -4.378497600555419922e-03
-8.796667456626892090e-01 -7.810139656066894531e-01
-4.167777895927429199e-01 -7.538614273071289062e-01
2.872627973556518555e-01 -7.936224937438964844e-01
-4.318892955780029297e-03 3.397893905639648438e-02
-1.498098373413085938e-01 9.901046752929687500e-02
1.364240646362304688e-01 -5.226858258247375488e-01
-4.900427460670471191e-01 3.575103282928466797e-01
3.570345640182495117e-01 -2.777811884880065918e-01
-8.359929919242858887e-01 -5.279983282089233398e-01
1.122361421585083008e-01 -3.789975047111511230e-01
-4.521491527557373047e-01 -5.790184736251831055e-01
-1.139642000198364258e-01 -9.143018722534179688e-01
-7.542742490768432617e-01 8.671561479568481445e-01
-3.204733729362487793e-01 3.357478380203247070e-01
7.008073329925537109e-01 -8.889652490615844727e-01
7.935602664947509766e-01 -7.352867126464843750e-01
-9.397960305213928223e-01 -3.763806223869323730e-01
-2.101790904998779297e-02 3.311266899108886719e-01
5.038125514984130859e-01 -7.277661561965942383e-01
-1.152343153953552246e-01 -8.500919938087463379e-01
-6.354393959045410156e-01 -3.733812570571899414e-01
-3.031395673751831055e-01 -5.997515916824340820e-01
-7.231212854385375977e-01 2.406815290451049805e-01
-1.692049503326416016e-01 -6.636966466903686523e-01
-2.707281708717346191e-01 -9.225118756294250488e-01
-3.325668573379516602e-01 5.890121459960937500e-01
-4.296682476997375488e-01 8.123458623886108398e-01
3.566462993621826172e-01 -3.684628605842590332e-01
2.303957939147949219e-01 -8.696746826171875000e-01
6.099724769592285156e-01 -7.436106801033020020e-01
6.470930576324462891e-02 -8.262662291526794434e-01
-8.999301195144653320e-01 6.588668823242187500e-01
6.867791414260864258e-01 -2.495652437210083008e-02
-2.709144353866577148e-02 -4.652343392372131348e-01
-4.149737358093261719e-01 1.646518707275390625e-01
-8.248406648635864258e-01 9.615290164947509766e-01
-7.390403747558593750e-01 9.416199922561645508e-01
-8.179469108581542969e-01 -6.263430714607238770e-01
-3.276915550231933594e-01 5.676161050796508789e-01
2.053437232971191406e-01 -6.282753348350524902e-01
-8.224523067474365234e-01 -4.017285108566284180e-01
7.117811441421508789e-01 -3.198516964912414551e-01
-1.284432411193847656e-02 9.256811141967773438e-01
-5.569900274276733398e-01 1.932395696640014648e-01
2.513414621353149414e-01 -8.079178929328918457e-01
-7.723577022552490234e-01 4.092617034912109375e-01
-7.456429004669189453e-01 -2.662567496299743652e-01
2.442673444747924805e-01 -3.225967288017272949e-01
3.775608539581298828e-02 -8.603867888450622559e-01
9.881371259689331055e-01 -6.164778470993041992e-01
6.998598575592041016e-02 -9.664113521575927734e-01
7.669112682342529297e-01 -3.296671509742736816e-01
1.592036485671997070e-01 -9.718525409698486328e-01
-4.661985635757446289e-01 5.180754661560058594e-01
6.362140178680419922e-02 -6.355594396591186523e-01
5.008100271224975586e-01 -4.652438163757324219e-01
9.829177856445312500e-01 -6.068849563598632812e-02
-3.545070290565490723e-01 7.177432775497436523e-01
-3.979461193084716797e-01 -6.455272436141967773e-02
-8.554617762565612793e-01 3.679513931274414062e-01
4.474639892578125000e-01 -9.591215848922729492e-02
4.061778783798217773e-01 -1.606558561325073242e-01
-9.244391322135925293e-01 1.797194480895996094e-01
-2.980261445045471191e-01 -5.538253784179687500e-01
-9.973996281623840332e-01 -3.220688700675964355e-01
-3.372645378112792969e-01 8.770111799240112305e-01
-5.164632797241210938e-01 1.556789875030517578e-01
-9.980632662773132324e-01 -3.087180852890014648e-02
3.958483934402465820e-01 -4.983497262001037598e-01
-4.782626032829284668e-01 2.211328744888305664e-01
-9.921518564224243164e-01 2.197769880294799805e-01
1.752456426620483398e-01 -5.796929597854614258e-01
-6.293730735778808594e-01 -3.559342622756958008e-01
-9.457646608352661133e-01 -2.802702784538269043e-01
-3.181776404380798340e-01 -7.103239893913269043e-01
6.202104091644287109e-01 -2.849580049514770508e-01
-7.830274105072021484e-01 -9.067034721374511719e-01
9.544738531112670898e-01 -6.072324514389038086e-01
9.256237745285034180e-01 -9.996308684349060059e-01
8.493611812591552734e-01 -2.622247338294982910e-01
7.996845245361328125e-02 -8.186240196228027344e-01
8.396707773208618164e-01 -6.623753309249877930e-01
9.423251152038574219e-01 -4.107388854026794434e-01
-2.452500462532043457e-01 4.441765546798706055e-01
4.164266586303710938e-01 -6.076130867004394531e-01
8.967283964157104492e-01 -4.112849235534667969e-01
-3.771336674690246582e-01 -8.246498703956604004e-01
3.988202810287475586e-01 -5.403600931167602539e-01
-4.450827836990356445e-02 -8.660081624984741211e-01
-9.220502376556396484e-01 5.686986446380615234e-01
-7.619017362594604492e-02 -9.238839149475097656e-02
-9.531881809234619141e-01 -2.880778908729553223e-01
-1.860073208808898926e-01 5.659151077270507812e-02
3.894499540328979492e-01 -6.101694703102111816e-01
-4.133687019348144531e-01 -1.358149647712707520e-01
-1.637965440750122070e-01 5.134227275848388672e-01
-8.211631774902343750e-01 4.094103574752807617e-01
-8.944863677024841309e-01 -5.546646714210510254e-01
-2.741466760635375977e-01 1.755994558334350586e-01
-2.529550790786743164e-01 -6.666909456253051758e-01
3.768950700759887695e-01 -1.480475068092346191e-01
6.952941417694091797e-01 -7.869766950607299805e-01
2.683886289596557617e-01 -1.424288749694824219e-02
4.422903060913085938e-01 -5.979490280151367188e-01
4.401814937591552734e-02 -4.931820631027221680e-01
-3.441759943962097168e-01 -3.789883852005004883e-02
5.280736684799194336e-01 -1.184660792350769043e-01
-7.868058085441589355e-01 -4.325801730155944824e-01
2.492067813873291016e-01 -6.398733854293823242e-01
-6.382184028625488281e-01 -3.384910821914672852e-01
-8.701656460762023926e-01 1.801601648330688477e-01
-3.814811110496520996e-01 -2.082367539405822754e-01
-5.118886828422546387e-01 -6.612181663513183594e-03
-6.726461648941040039e-02 4.015923738479614258e-01
-4.356300830841064453e-01 7.136404514312744141e-02
-1.452225446701049805e-01 9.627287387847900391e-01
-2.080405950546264648e-01 3.087350130081176758e-01
-3.213062882423400879e-01 -9.484329819679260254e-01
4.385029077529907227e-01 -9.182858467102050781e-01
-4.118561744689941406e-01 -4.382090568542480469e-01
-6.439557075500488281e-01 -5.951164960861206055e-01
-8.923493623733520508e-01 -7.942877411842346191e-01
-4.119853377342224121e-01 -7.573863863945007324e-01
-3.361473083496093750e-01 4.595468044281005859e-01
-8.565814495086669922e-01 -6.651493310928344727e-01
-9.904682040214538574e-01 7.566750049591064453e-01
9.621787071228027344e-02 -6.877930164337158203e-01
-1.887521147727966309e-01 3.888527154922485352e-01
5.237832069396972656e-01 -1.890197396278381348e-01
-4.697061181068420410e-01 -1.555669903755187988e-01
-8.835466504096984863e-01 -1.269755959510803223e-01
-5.213642120361328125e-02 -7.507883906364440918e-01
6.672123670578002930e-01 -1.700271964073181152e-01
-7.160631418228149414e-01 -9.363278150558471680e-01
7.209138870239257812e-01 -4.950457215309143066e-01
-2.383816242218017578e-01 2.827126979827880859e-01
-9.832032322883605957e-01 6.223521232604980469e-01
-3.208551406860351562e-01 -2.252076268196105957e-01
-4.675387144088745117e-01 -4.311708211898803711e-01
-6.680374145507812500e-01 -8.091782927513122559e-01
-7.385378479957580566e-01 3.042377233505249023e-01
-1.747194528579711914e-01 8.153551816940307617e-01
-3.876659274101257324e-01 -2.255618572235107422e-01
1.171872615814208984e-01 -1.792589426040649414e-01
-9.626675248146057129e-01 9.862352609634399414e-01
8.874866962432861328e-01 -4.136472344398498535e-01
-8.688894510269165039e-01 -3.789924979209899902e-01
7.659858465194702148e-01 -9.196833372116088867e-01
-2.505387663841247559e-01 3.474612236022949219e-01
-6.254279613494873047e-01 8.951836824417114258e-01
-9.883676767349243164e-01 4.197225570678710938e-01
-8.787855505943298340e-01 7.883547544479370117e-01
-6.867038607597351074e-01 8.219885826110839844e-01
-8.047072291374206543e-01 -8.451663255691528320e-01
2.374174594879150391e-01 -7.665934562683105469e-01
-3.980004191398620605e-01 6.066825389862060547e-01
9.990929365158081055e-01 -5.433863401412963867e-02
-5.304200649261474609e-01 -5.792195200920104980e-01
-8.795413374900817871e-01 -9.369070529937744141e-01
-4.424813389778137207e-01 -9.705090522766113281e-01
-7.924773693084716797e-01 8.979810476303100586e-01
-8.101371526718139648e-01 7.948707342147827148e-01
8.703668117523193359e-01 -6.761939525604248047e-01
-5.134600400924682617e-02 -4.937487244606018066e-01
-2.198669910430908203e-01 -3.785947561264038086e-01
-7.040226459503173828e-02 -5.804581642150878906e-01
-3.509391546249389648e-01 1.498209238052368164e-01
1.653189659118652344e-01 -2.684493064880371094e-01
-4.775621294975280762e-01 -1.761542558670043945e-01
-2.149485349655151367e-01 4.726222753524780273e-01
-5.560001134872436523e-01 -1.787593364715576172e-01
6.437578201293945312e-01 -1.355000734329223633e-01
-8.837352395057678223e-01 9.992338418960571289e-01
-3.947689533233642578e-01 -7.100287675857543945e-01
-3.258732557296752930e-01 7.664444446563720703e-01
4.767332077026367188e-01 -7.280136346817016602e-01
-1.959152817726135254e-01 5.523407459259033203e-01
4.765096902847290039e-01 -6.052725315093994141e-01
4.055681228637695312e-01 -7.262124419212341309e-01
5.916732549667358398e-01 -9.306435585021972656e-01
4.694565534591674805e-01 -8.292835950851440430e-02
-1.369278430938720703e-01 8.611629009246826172e-01
-2.550961375236511230e-01 7.663884162902832031e-01
-1.754702329635620117e-01 8.865711688995361328e-01
-1.200997829437255859e-02 1.497175693511962891e-01
-6.221330165863037109e-02 3.592956066131591797e-02
-5.759880542755126953e-01 8.881292343139648438e-01
-7.219398617744445801e-01 -9.626852869987487793e-01
-9.333755970001220703e-01 -3.686500191688537598e-01
1.106808185577392578e-01 -7.218994498252868652e-01
8.845487833023071289e-01 -4.172575473785400391e-02
-5.425479412078857422e-01 8.160194158554077148e-01
-5.974132418632507324e-01 1.506216526031494141e-01
-3.711698651313781738e-01 -4.693603515625000000e-01
-8.886685371398925781e-01 -8.413531780242919922e-01
4.097361564636230469e-01 -8.669579029083251953e-01
-8.215410113334655762e-01 -1.211133599281311035e-01
-1.167895793914794922e-01 3.460997343063354492e-01
3.077329397201538086e-01 -2.313206791877746582e-01
8.721897602081298828e-01 -5.654501318931579590e-01
-7.682315111160278320e-01 -3.126280903816223145e-01
-9.033784866333007812e-01 -1.996126770973205566e-01
5.467844009399414062e-02 -8.103452324867248535e-01
6.013004779815673828e-01 -1.013934612274169922e-03
7.300117015838623047e-01 -1.822910904884338379e-01
5.213093757629394531e-02 -6.176549196243286133e-01
-9.148548245429992676e-01 -6.447933316230773926e-01
-8.274973630905151367e-01 7.405490875244140625e-01
-2.444792985916137695e-01 -3.624933958053588867e-02
8.327465057373046875e-01 -7.774304151535034180e-01
-1.751746535301208496e-01 -9.014254212379455566e-01
-4.356867671012878418e-01 9.420835971832275391e-01
-9.917378425598144531e-02 -5.191581249237060547e-01
8.714474439620971680e-01 -6.139846444129943848e-01
2.679278850555419922e-01 -8.645144701004028320e-01
2.499986886978149414e-01 -4.799408912658691406e-01
-9.268891215324401855e-01 -7.117593288421630859e-02
2.128924131393432617e-01 -2.461285591125488281e-01
-3.463050723075866699e-01 6.265207529067993164e-01
-7.384526729583740234e-01 9.010922908782958984e-02
-2.837023138999938965e-01 4.387533664703369141e-02
8.294671773910522461e-01 -3.289455771446228027e-01
-8.252886533737182617e-01 -3.103162646293640137e-01
-7.295817136764526367e-02 1.557925939559936523e-01
-3.663954138755798340e-01 3.044766187667846680e-01
-4.450607299804687500e-02 5.343329906463623047e-02
-2.744486331939697266e-01 9.520186185836791992e-01
4.212558269500732422e-02 -4.721000194549560547e-01
-6.894588470458984375e-03 -6.369956731796264648e-01
-7.981967329978942871e-01 3.058389425277709961e-01
-7.536578178405761719e-02 -3.758174777030944824e-01
-6.839534044265747070e-01 -9.434795379638671875e-01
-8.721449971199035645e-01 -5.740302801132202148e-01
7.807621955871582031e-01 -5.046275854110717773e-01
-4.726828336715698242e-01 -5.106114149093627930e-01
1.999828815460205078e-01 -2.953448891639709473e-01
1.836335659027099609e-01 -8.655951023101806641e-01
7.075860500335693359e-01 -4.705873131752014160e-01
9.979991912841796875e-01 -3.157635331153869629e-01
4.465056657791137695e-01 -6.549447774887084961e-02
-4.025822281837463379e-01 -4.366443157196044922e-01
-7.247662544250488281e-01 2.989617586135864258e-01
7.507264614105224609e-02 -2.658754587173461914e-02
-9.694021940231323242e-01 -4.532464146614074707e-01
-9.026361107826232910e-01 2.826408147811889648e-01
-7.243952155113220215e-01 5.776327848434448242e-01
-6.129449605941772461e-01 7.263487577438354492e-01
3.521466255187988281e-02 -9.865871071815490723e-01
2.054885625839233398e-01 -1.369057893753051758e-01
1.874954700469970703e-01 -9.333865046501159668e-01
-9.022610187530517578e-01 6.617615222930908203e-01
-1.435128450393676758e-01 6.765193939208984375e-01
-6.487649679183959961e-01 3.853963613510131836e-01
1.150330305099487305e-01 -7.157475948333740234e-01
-2.810120582580566406e-01 -5.085982084274291992e-01
-4.904173612594604492e-01 -1.433387994766235352e-01
8.988069295883178711e-01 -8.756834268569946289e-02
-2.672221660614013672e-01 7.871356010437011719e-01
-5.133965015411376953e-01 -2.719345092773437500e-01
4.231929779052734375e-01 -2.423038482666015625e-01
-7.316334247589111328e-01 -6.908394694328308105e-01
7.316845655441284180e-01 -5.532001256942749023e-01
7.062594890594482422e-01 -1.313085556030273438e-01
-6.133720874786376953e-01 6.847172975540161133e-01
1.898479461669921875e-02 -8.691906929016113281e-03
6.347073316574096680e-01 -7.190057039260864258e-01
8.785779476165771484e-01 -7.146654725074768066e-01
-8.890864253044128418e-01 2.329785823822021484e-01
-7.979643940925598145e-01 9.487351179122924805e-01
-3.864091038703918457e-01 5.743622779846191406e-03
-9.461567401885986328e-01 -7.357330918312072754e-01
-2.627627849578857422e-01 4.290099143981933594e-01
-2.824770212173461914e-01 6.681435108184814453e-01
5.511646270751953125e-01 -9.568648338317871094e-01
-7.422237396240234375e-01 -6.330397129058837891e-01
-1.645128130912780762e-01 -9.437340497970581055e-01
-3.235225677490234375e-01 -3.958513736724853516e-01
-7.993131279945373535e-01 -2.742604613304138184e-01
-4.854471087455749512e-01 -7.591961026191711426e-01
-3.342677354812622070e-01 8.973797559738159180e-01
-8.885667324066162109e-01 -3.595865368843078613e-01
-1.688469052314758301e-01 9.517157077789306641e-02
5.042728185653686523e-01 -6.510656476020812988e-01
7.826424837112426758e-01 -3.350130915641784668e-01
7.262997627258300781e-01 -7.832237482070922852e-01
9.574686288833618164e-01 -4.749355316162109375e-01
-3.495581746101379395e-01 -1.411187052726745605e-01
2.439956665039062500e-01 -3.535385131835937500e-01
-1.213416457176208496e-01 2.508829832077026367e-01
-4.485842585563659668e-01 4.953670501708984375e-01
-9.412945508956909180e-01 -4.761717915534973145e-01
-5.761497020721435547e-01 5.339753627777099609e-01
-1.151740550994873047e-02 -6.315087080001831055e-01
-7.112090587615966797e-01 -4.832212924957275391e-01
-3.716182112693786621e-01 9.946265220642089844e-01
-4.244294166564941406e-01 3.408358097076416016e-01
8.682367801666259766e-01 -3.328871726989746094e-01
2.756029367446899414e-01 -9.687333703041076660e-01
-7.594713568687438965e-01 4.418631792068481445e-01
-1.966446042060852051e-01 2.131350040435791016e-01
-3.470203876495361328e-01 2.817592620849609375e-01
4.421181678771972656e-01 -2.310804724693298340e-01
-6.477794647216796875e-01 -8.967722058296203613e-01
-6.504893302917480469e-01 -5.558212995529174805e-01
-5.752921104431152344e-01 8.142883777618408203e-01
-3.838539123535156250e-01 2.930366992950439453e-01
3.110527992248535156e-03 -2.427644729614257812e-01
-8.272429704666137695e-01 -2.558276057243347168e-01
-6.385503411293029785e-01 -4.274008274078369141e-01
-6.644583344459533691e-01 3.623793125152587891e-01
-1.735444068908691406e-01 -7.560296654701232910e-01
-2.758201956748962402e-01 -8.090422749519348145e-01
6.742281913757324219e-01 -4.828476905822753906e-02
-1.603624224662780762e-01 6.036261320114135742e-01
3.818966150283813477e-01 -8.523064851760864258e-01
-6.157473325729370117e-01 -3.781061768531799316e-01
1.188544034957885742e-01 -4.255585074424743652e-01
-5.838114023208618164e-01 -4.904540181159973145e-01
-7.145982980728149414e-01 -6.417354345321655273e-01
-2.601523995399475098e-01 5.601382255554199219e-02
4.716140031814575195e-01 -4.560768008232116699e-01
8.859586715698242188e-01 -6.905113458633422852e-01
-9.721195697784423828e-02 -9.133183360099792480e-01
-8.756704330444335938e-01 -4.369208216667175293e-01
-9.183822274208068848e-01 5.128072500228881836e-01
-1.027563810348510742e-01 3.303354978561401367e-01
6.764732599258422852e-01 -6.964951753616333008e-01
9.939851760864257812e-01 -8.169684410095214844e-01
-6.602872610092163086e-01 4.810476303100585938e-01
1.301556825637817383e-01 -2.734031081199645996e-01
2.109844684600830078e-01 -8.825727105140686035e-01
2.190531492233276367e-01 -4.340161085128784180e-01
-7.273849248886108398e-01 -8.875352144241333008e-01
-2.699792385101318359e-01 6.322747468948364258e-01
-7.481865882873535156e-01 -9.703309535980224609e-01
9.067001342773437500e-01 -4.448447227478027344e-01
5.597585439682006836e-01 -9.051919579505920410e-01
-4.242582917213439941e-01 -4.365206360816955566e-01
-7.585911154747009277e-01 -1.457465887069702148e-01
9.271948337554931641e-01 -8.746734857559204102e-01
-6.130504608154296875e-02 7.246136665344238281e-03
8.669786453247070312e-01 -9.271773695945739746e-01
-3.892344832420349121e-01 6.049276590347290039e-01
3.702292442321777344e-01 -3.828444480895996094e-01
6.940147876739501953e-01 -4.717025756835937500e-01
-4.462214708328247070e-01 3.363903760910034180e-01
-5.023628473281860352e-02 3.038117885589599609e-01
-4.724441170692443848e-01 -5.656695365905761719e-02
-8.405874371528625488e-01 -8.220763206481933594e-01
-1.431289315223693848e-01 -4.448618292808532715e-01
5.815975666046142578e-01 -5.476120710372924805e-01
-9.700269103050231934e-01 7.456302642822265625e-03
8.316500186920166016e-01 -3.431436419486999512e-01
-3.557145595550537109e-01 -4.891634583473205566e-01
-8.269896507263183594e-01 -9.229158163070678711e-01
4.849896430969238281e-01 -1.157999634742736816e-01
6.033352613449096680e-01 -6.596342325210571289e-01
-3.228546380996704102e-01 -4.503287076950073242e-01
-7.256597280502319336e-02 -4.592280387878417969e-01
-2.669093012809753418e-01 -2.971408963203430176e-01
-3.862723708152770996e-01 -2.850812673568725586e-01
-6.586859226226806641e-01 -1.277101635932922363e-01
2.264788150787353516e-01 -6.376084089279174805e-01
-2.561653852462768555e-01 6.834261417388916016e-01
-9.058169126510620117e-01 4.599101543426513672e-01
-9.277080297470092773e-01 6.894669532775878906e-01
-6.567564010620117188e-01 -2.682970166206359863e-01
-8.976010084152221680e-01 -6.351894140243530273e-01
-6.573605537414550781e-02 -9.948084354400634766e-01
-2.820190191268920898e-01 -4.005046486854553223e-01
-1.697274446487426758e-01 2.996060848236083984e-01
3.010431528091430664e-01 -9.432548880577087402e-01
8.378487825393676758e-01 -8.832930922508239746e-01
-6.694862842559814453e-01 -2.817734479904174805e-01
-6.469221115112304688e-01 -9.379843473434448242e-01
-5.747574567794799805e-02 -5.206412076950073242e-01
-9.010341167449951172e-01 1.232134103775024414e-01
-1.154571175575256348e-01 -7.654422521591186523e-02
-6.830010414123535156e-01 5.862733125686645508e-01
-9.285005331039428711e-01 -4.248853921890258789e-01
9.028708934783935547e-01 -3.809233903884887695e-01
1.834020614624023438e-01 -1.599441766738891602e-01
-7.390851378440856934e-01 -1.723530888557434082e-01
2.970283031463623047e-01 -4.400331377983093262e-01
-7.986012101173400879e-01 -5.109386444091796875e-01
-3.781102895736694336e-01 6.376180648803710938e-01
-5.302332639694213867e-01 8.260918855667114258e-01
1.261185407638549805e-01 -6.595160365104675293e-01
3.099751472473144531e-01 -4.451480507850646973e-01
-2.026430368423461914e-01 -5.445854663848876953e-01
-2.629880905151367188e-01 9.091318845748901367e-01
-3.741086125373840332e-01 3.380084037780761719e-01
6.781125068664550781e-01 -5.006461739540100098e-01
1.908925771713256836e-01 -4.946548342704772949e-01
-4.554318785667419434e-01 -6.888478398323059082e-01
-3.396171927452087402e-01 8.743405342102050781e-03
-3.777471780776977539e-01 5.243264436721801758e-01
3.037446737289428711e-01 -2.667239308357238770e-01
-7.796716690063476562e-01 3.089987039566040039e-01
-1.583991646766662598e-01 -9.348688125610351562e-01
7.970720529556274414e-01 -1.235160827636718750e-01
4.970026016235351562e-02 -7.880073785781860352e-01
-6.500962972640991211e-01 -6.040707826614379883e-01
1.305556297302246094e-02 -9.657484889030456543e-01
-2.371601462364196777e-01 3.930560350418090820e-01
-3.587368130683898926e-01 5.846402645111083984e-01
-3.057543635368347168e-01 3.886294364929199219e-01
3.504199981689453125e-01 -3.703610301017761230e-01
-6.801427602767944336e-01 -2.531908154487609863e-01
-1.611321568489074707e-01 8.422436714172363281e-01
7.781553268432617188e-02 -6.203913688659667969e-02
9.416222572326660156e-03 -4.612821936607360840e-01
4.640872478485107422e-01 -1.852536201477050781e-02
-5.896522402763366699e-01 6.593174934387207031e-01
-6.238036155700683594e-01 5.183048248291015625e-01
6.988912820816040039e-01 -4.452109932899475098e-01
-3.609941601753234863e-01 2.812144756317138672e-01
-8.531576991081237793e-01 -8.060156106948852539e-01
-7.341110706329345703e-01 4.380748271942138672e-01
-3.300797343254089355e-01 -7.410428524017333984e-01
-7.344799637794494629e-01 -9.010031819343566895e-01
-8.597930669784545898e-01 -7.437268495559692383e-01
9.165346622467041016e-01 -9.946761131286621094e-01
-8.711994290351867676e-01 -1.645359396934509277e-01
6.150544881820678711e-01 -6.701942682266235352e-01
7.633411884307861328e-02 -1.109498739242553711e-02
6.186962127685546875e-04 -1.956663131713867188e-01
4.963964223861694336e-01 -7.235039472579956055e-01
-9.873304367065429688e-01 6.416404247283935547e-01
-4.374626874923706055e-01 -3.286013007164001465e-01
5.799316167831420898e-01 -7.499793767929077148e-01
-1.868951320648193359e-02 2.863854169845581055e-01
-4.102560877799987793e-01 -1.301764845848083496e-01
4.848701953887939453e-01 -8.089599609375000000e-01
-3.848385214805603027e-01 -7.426470518112182617e-01
-3.288054466247558594e-02 -4.155766367912292480e-01
-9.789947867393493652e-01 -4.238789677619934082e-01
-8.342937827110290527e-01 7.335094213485717773e-01
-1.167473793029785156e-01 -2.486205697059631348e-01
4.345176219940185547e-01 -7.299851179122924805e-01
8.091764450073242188e-01 -9.123837351799011230e-01
-2.635902166366577148e-02 2.016808986663818359e-01
-7.294934988021850586e-02 6.400786638259887695e-01
-8.364315629005432129e-01 -1.920731663703918457e-01
-4.763504862785339355e-01 -6.092895865440368652e-01
-8.091055154800415039e-01 3.416819572448730469e-01
7.693290710449218750e-01 -2.970513105392456055e-01
6.072983741760253906e-01 -5.504069924354553223e-01
-9.461345672607421875e-01 -1.121568679809570312e-02
-3.713469505310058594e-01 -4.288041591644287109e-02
-2.008182406425476074e-01 -4.432884454727172852e-01
-7.361075282096862793e-01 2.803342342376708984e-01
-9.890756607055664062e-01 4.864474534988403320e-01
-2.262169122695922852e-01 2.321950197219848633e-01
-5.914968252182006836e-01 -3.730194568634033203e-01
-9.916866421699523926e-01 2.548637390136718750e-01
6.482754945755004883e-01 -5.386787652969360352e-01
5.322933197021484375e-01 -9.969671368598937988e-01
-4.619665741920471191e-01 -1.278778314590454102e-01
6.276891231536865234e-01 -5.013146400451660156e-01
-9.835984110832214355e-01 5.528396368026733398e-01
-4.738519191741943359e-01 -8.779987096786499023e-01
-5.593419075012207031e-03 3.875319957733154297e-01
8.807550668716430664e-01 -9.497950077056884766e-01
-2.480242848396301270e-01 -4.916877150535583496e-01
-9.493668675422668457e-01 8.493901491165161133e-01
7.192423343658447266e-01 -9.156571030616760254e-01
-6.966974735260009766e-01 -3.497173190116882324e-01
-8.048014640808105469e-01 -7.929766178131103516e-01
-1.114588975906372070e-01 4.765518903732299805e-01
4.883379936218261719e-01 -1.633052825927734375e-01
-8.555904030799865723e-01 9.165706634521484375e-01
-7.652002573013305664e-01 8.422677516937255859e-01
7.653625011444091797e-01 -7.527855634689331055e-01
-9.286046028137207031e-02 -5.528424978256225586e-01
4.259312152862548828e-02 -8.528894186019897461e-02
-5.156672000885009766e-01 -5.841314792633056641e-01
7.912324666976928711e-01 -3.305047750473022461e-02
-1.413391232490539551e-01 8.098242282867431641e-01
-9.424675703048706055e-01 1.418298482894897461e-01
-2.467887997627258301e-01 5.628101825714111328e-01
-2.723308205604553223e-01 -9.306601881980895996e-01
-2.558682560920715332e-01 7.053844928741455078e-01
-1.303216814994812012e-01 3.790652751922607422e-02
9.110019207000732422e-01 -5.106396675109863281e-01
-9.458895325660705566e-01 3.663064241409301758e-01
-8.705168962478637695e-01 -5.092656612396240234e-02
-1.472493410110473633e-01 -5.598259568214416504e-01
-3.352310657501220703e-01 3.122401237487792969e-02
8.414521217346191406e-01 -8.111077547073364258e-01
-8.077184557914733887e-01 1.349852085113525391e-01
-2.285320758819580078e-01 -9.496080875396728516e-01
-9.348291754722595215e-01 5.430299043655395508e-01
-6.289027929306030273e-01 -8.808180689811706543e-01
-6.059858798980712891e-01 -7.637578248977661133e-02
-6.922798156738281250e-01 -5.140763521194458008e-02
-4.754672646522521973e-01 -5.718441009521484375e-01
-5.012567639350891113e-01 -7.875926494598388672e-01
6.669580936431884766e-02 -8.806651234626770020e-01
-1.358187794685363770e-01 -8.487225174903869629e-01
-2.799180150032043457e-01 -9.309164881706237793e-01
8.891144990921020508e-01 -5.627632141113281250e-02
-5.696442723274230957e-01 -1.333367228507995605e-01
-3.361861109733581543e-01 -7.733753919601440430e-01
-1.068350672721862793e-01 -4.551466703414916992e-01
3.153759241104125977e-01 -2.731092572212219238e-01
8.638224601745605469e-01 -6.499457955360412598e-01
-7.632882595062255859e-01 4.271702766418457031e-01
-2.129280567169189453e-01 -7.814209461212158203e-01
-1.992481350898742676e-01 2.872685194015502930e-01
